client_id,round,dataset_size,n_classes,loss_before,acc_before,loss_after,acc_after,macro_f1_before,macro_f1_after,macro_f1_argmax,benign_fpr_argmax,f1_per_class_after,precision_per_class,recall_per_class,confusion_matrix_counts,confusion_matrix_normalized,confusion_matrix_class_names,fpr_after,pr_auc_after,threshold_tau,f1_bin_tau,benign_fpr_bin_tau,tau_bin,seed,weight_norm_before,weight_norm_after,weight_update_norm,grad_norm_l2,t_fit_ms,epochs_completed,lr,batch_size,macro_f1_global,macro_f1_personalized,benign_fpr_global,benign_fpr_personalized,personalization_gain,dp_epsilon,dp_delta,dp_sigma,dp_clip_norm,dp_sample_rate,dp_total_steps,dp_enabled,secure_aggregation,secure_aggregation_seed,secure_aggregation_mask_checksum
7,1,588,10,2.360503315925598,0.059322033898305086,1.207772970199585,0.6271186440677966,0.014583333333333334,0.348399855151716,0.348399855151716,1.0,"{""0"": 0.0, ""1"": 0.0, ""2"": 0.9411764705882353, ""3"": 0.0, ""4"": 0.851063829787234, ""5"": 0.5714285714285714, ""6"": 0.7719298245614035, ""7"": 0.0, ""8"": 0.0, ""9"": 0.0}","{""0"": 0.0, ""1"": 0.0, ""2"": 1.0, ""3"": 0.0, ""4"": 0.9090909090909091, ""5"": 0.4, ""6"": 0.7857142857142857, ""7"": 0.0, ""8"": 0.0, ""9"": 0.0}","{""0"": 0.0, ""1"": 0.0, ""2"": 0.8888888888888888, ""3"": 0.0, ""4"": 0.8, ""5"": 1.0, ""6"": 0.7586206896551724, ""7"": 0.0, ""8"": 0.0, ""9"": 0.0}","[[0.0, 0.0, 0.0, 0.0, 1.0, 7.0, 2.0, 0.0, 0.0, 0.0], [0.0, 0.0, 0.0, 0.0, 0.0, 7.0, 1.0, 0.0, 0.0, 0.0], [0.0, 0.0, 8.0, 0.0, 0.0, 1.0, 0.0, 0.0, 0.0, 0.0], [0.0, 0.0, 0.0, 0.0, 0.0, 7.0, 0.0, 0.0, 0.0, 0.0], [0.0, 0.0, 0.0, 0.0, 20.0, 2.0, 3.0, 0.0, 0.0, 0.0], [0.0, 0.0, 0.0, 0.0, 0.0, 24.0, 0.0, 0.0, 0.0, 0.0], [0.0, 0.0, 0.0, 0.0, 1.0, 6.0, 22.0, 0.0, 0.0, 0.0], [0.0, 0.0, 0.0, 0.0, 0.0, 2.0, 0.0, 0.0, 0.0, 0.0], [0.0, 0.0, 0.0, 0.0, 0.0, 4.0, 0.0, 0.0, 0.0, 0.0], [0.0, 0.0, 0.0, 0.0, 0.0, 0.0, 0.0, 0.0, 0.0, 0.0]]","[[0.0, 0.0, 0.0, 0.0, 0.1, 0.7, 0.2, 0.0, 0.0, 0.0], [0.0, 0.0, 0.0, 0.0, 0.0, 0.875, 0.125, 0.0, 0.0, 0.0], [0.0, 0.0, 0.8888888888888888, 0.0, 0.0, 0.1111111111111111, 0.0, 0.0, 0.0, 0.0], [0.0, 0.0, 0.0, 0.0, 0.0, 1.0, 0.0, 0.0, 0.0, 0.0], [0.0, 0.0, 0.0, 0.0, 0.8, 0.08, 0.12, 0.0, 0.0, 0.0], [0.0, 0.0, 0.0, 0.0, 0.0, 1.0, 0.0, 0.0, 0.0, 0.0], [0.0, 0.0, 0.0, 0.0, 0.034482758620689655, 0.20689655172413793, 0.7586206896551724, 0.0, 0.0, 0.0], [0.0, 0.0, 0.0, 0.0, 0.0, 1.0, 0.0, 0.0, 0.0, 0.0], [0.0, 0.0, 0.0, 0.0, 0.0, 1.0, 0.0, 0.0, 0.0, 0.0], [0.0, 0.0, 0.0, 0.0, 0.0, 0.0, 0.0, 0.0, 0.0, 0.0]]","[""BENIGN"", ""FTP-PATATOR"", ""DOS GOLDENEYE"", ""SSH-PATATOR"", ""DDOS"", ""PORTSCAN"", ""DOS HULK"", ""WEB ATTACK \ufffd XSS"", ""WEB ATTACK \ufffd BRUTE FORCE"", ""WEB ATTACK \ufffd SQL INJECTION""]",0.0,0.9899042804027335,0.9409376382827759,0.7865168539325843,0.0,0.9409376382827759,,5.979510341394314,7.198527005348985,3.6718822479176514,367.1882345404887,5485.479250011849,1,0.01,64,,,,,,,,,,,,False,False,,
7,2,588,10,1.186730980873108,0.6440677966101694,0.6142558753490448,0.8389830508474576,0.381977711708217,0.6242138302441602,0.6242138302441602,0.4,"{""0"": 0.6666666666666666, ""1"": 0.4, ""2"": 0.8421052631578947, ""3"": 1.0, ""4"": 0.96, ""5"": 0.8, ""6"": 0.9491525423728814, ""7"": 0.0, ""8"": 0.0, ""9"": 0.0}","{""0"": 0.75, ""1"": 1.0, ""2"": 0.8, ""3"": 1.0, ""4"": 0.96, ""5"": 0.6666666666666666, ""6"": 0.9333333333333333, ""7"": 0.0, ""8"": 0.0, ""9"": 0.0}","{""0"": 0.6, ""1"": 0.25, ""2"": 0.8888888888888888, ""3"": 1.0, ""4"": 0.96, ""5"": 1.0, ""6"": 0.9655172413793104, ""7"": 0.0, ""8"": 0.0, ""9"": 0.0}","[[6.0, 0.0, 1.0, 0.0, 1.0, 2.0, 0.0, 0.0, 0.0, 0.0], [0.0, 2.0, 0.0, 0.0, 0.0, 5.0, 1.0, 0.0, 0.0, 0.0], [1.0, 0.0, 8.0, 0.0, 0.0, 0.0, 0.0, 0.0, 0.0, 0.0], [0.0, 0.0, 0.0, 7.0, 0.0, 0.0, 0.0, 0.0, 0.0, 0.0], [0.0, 0.0, 0.0, 0.0, 24.0, 0.0, 1.0, 0.0, 0.0, 0.0], [0.0, 0.0, 0.0, 0.0, 0.0, 24.0, 0.0, 0.0, 0.0, 0.0], [0.0, 0.0, 1.0, 0.0, 0.0, 0.0, 28.0, 0.0, 0.0, 0.0], [0.0, 0.0, 0.0, 0.0, 0.0, 2.0, 0.0, 0.0, 0.0, 0.0], [1.0, 0.0, 0.0, 0.0, 0.0, 3.0, 0.0, 0.0, 0.0, 0.0], [0.0, 0.0, 0.0, 0.0, 0.0, 0.0, 0.0, 0.0, 0.0, 0.0]]","[[0.6, 0.0, 0.1, 0.0, 0.1, 0.2, 0.0, 0.0, 0.0, 0.0], [0.0, 0.25, 0.0, 0.0, 0.0, 0.625, 0.125, 0.0, 0.0, 0.0], [0.1111111111111111, 0.0, 0.8888888888888888, 0.0, 0.0, 0.0, 0.0, 0.0, 0.0, 0.0], [0.0, 0.0, 0.0, 1.0, 0.0, 0.0, 0.0, 0.0, 0.0, 0.0], [0.0, 0.0, 0.0, 0.0, 0.96, 0.0, 0.04, 0.0, 0.0, 0.0], [0.0, 0.0, 0.0, 0.0, 0.0, 1.0, 0.0, 0.0, 0.0, 0.0], [0.0, 0.0, 0.034482758620689655, 0.0, 0.0, 0.0, 0.9655172413793104, 0.0, 0.0, 0.0], [0.0, 0.0, 0.0, 0.0, 0.0, 1.0, 0.0, 0.0, 0.0, 0.0], [0.25, 0.0, 0.0, 0.0, 0.0, 0.75, 0.0, 0.0, 0.0, 0.0], [0.0, 0.0, 0.0, 0.0, 0.0, 0.0, 0.0, 0.0, 0.0, 0.0]]","[""BENIGN"", ""FTP-PATATOR"", ""DOS GOLDENEYE"", ""SSH-PATATOR"", ""DDOS"", ""PORTSCAN"", ""DOS HULK"", ""WEB ATTACK \ufffd XSS"", ""WEB ATTACK \ufffd BRUTE FORCE"", ""WEB ATTACK \ufffd SQL INJECTION""]",0.0,0.9918269465789612,0.9512609243392944,0.7932960893854749,0.0,0.9512609243392944,,7.31336550654371,8.60529594230562,3.0207757322256765,302.0775779972127,161.16850000980776,1,0.01,64,,,,,,,,,,,,False,False,,
7,3,588,10,0.6024732291698456,0.8135593220338984,0.4357462078332901,0.8983050847457628,0.553878443918799,0.7033871113930934,0.7033871113930934,0.4,"{""0"": 0.75, ""1"": 1.0, ""2"": 0.9411764705882353, ""3"": 0.8235294117647058, ""4"": 0.96, ""5"": 0.8727272727272727, ""6"": 0.9830508474576272, ""7"": 0.0, ""8"": 0.0, ""9"": 0.0}","{""0"": 1.0, ""1"": 1.0, ""2"": 1.0, ""3"": 0.7, ""4"": 0.96, ""5"": 0.7741935483870968, ""6"": 0.9666666666666667, ""7"": 0.0, ""8"": 0.0, ""9"": 0.0}","{""0"": 0.6, ""1"": 1.0, ""2"": 0.8888888888888888, ""3"": 1.0, ""4"": 0.96, ""5"": 1.0, ""6"": 1.0, ""7"": 0.0, ""8"": 0.0, ""9"": 0.0}","[[6.0, 0.0, 0.0, 1.0, 1.0, 2.0, 0.0, 0.0, 0.0, 0.0], [0.0, 8.0, 0.0, 0.0, 0.0, 0.0, 0.0, 0.0, 0.0, 0.0], [0.0, 0.0, 8.0, 1.0, 0.0, 0.0, 0.0, 0.0, 0.0, 0.0], [0.0, 0.0, 0.0, 7.0, 0.0, 0.0, 0.0, 0.0, 0.0, 0.0], [0.0, 0.0, 0.0, 0.0, 24.0, 0.0, 1.0, 0.0, 0.0, 0.0], [0.0, 0.0, 0.0, 0.0, 0.0, 24.0, 0.0, 0.0, 0.0, 0.0], [0.0, 0.0, 0.0, 0.0, 0.0, 0.0, 29.0, 0.0, 0.0, 0.0], [0.0, 0.0, 0.0, 0.0, 0.0, 2.0, 0.0, 0.0, 0.0, 0.0], [0.0, 0.0, 0.0, 1.0, 0.0, 3.0, 0.0, 0.0, 0.0, 0.0], [0.0, 0.0, 0.0, 0.0, 0.0, 0.0, 0.0, 0.0, 0.0, 0.0]]","[[0.6, 0.0, 0.0, 0.1, 0.1, 0.2, 0.0, 0.0, 0.0, 0.0], [0.0, 1.0, 0.0, 0.0, 0.0, 0.0, 0.0, 0.0, 0.0, 0.0], [0.0, 0.0, 0.8888888888888888, 0.1111111111111111, 0.0, 0.0, 0.0, 0.0, 0.0, 0.0], [0.0, 0.0, 0.0, 1.0, 0.0, 0.0, 0.0, 0.0, 0.0, 0.0], [0.0, 0.0, 0.0, 0.0, 0.96, 0.0, 0.04, 0.0, 0.0, 0.0], [0.0, 0.0, 0.0, 0.0, 0.0, 1.0, 0.0, 0.0, 0.0, 0.0], [0.0, 0.0, 0.0, 0.0, 0.0, 0.0, 1.0, 0.0, 0.0, 0.0], [0.0, 0.0, 0.0, 0.0, 0.0, 1.0, 0.0, 0.0, 0.0, 0.0], [0.0, 0.0, 0.0, 0.25, 0.0, 0.75, 0.0, 0.0, 0.0, 0.0], [0.0, 0.0, 0.0, 0.0, 0.0, 0.0, 0.0, 0.0, 0.0, 0.0]]","[""BENIGN"", ""FTP-PATATOR"", ""DOS GOLDENEYE"", ""SSH-PATATOR"", ""DDOS"", ""PORTSCAN"", ""DOS HULK"", ""WEB ATTACK \ufffd XSS"", ""WEB ATTACK \ufffd BRUTE FORCE"", ""WEB ATTACK \ufffd SQL INJECTION""]",0.2,0.9936752138309896,0.895734429359436,0.9767441860465116,0.2,0.895734429359436,,8.577229759267727,9.732939369365653,2.3436142884143623,234.3614328592762,197.46141698851716,1,0.01,64,,,,,,,,,,,,False,False,,
7,4,588,10,0.36371487379074097,0.940677966101695,0.38747642934322357,0.923728813559322,0.8061270019621157,0.7791662176483902,0.7791662176483902,0.4,"{""0"": 0.75, ""1"": 0.9411764705882353, ""2"": 0.8888888888888888, ""3"": 0.8235294117647058, ""4"": 0.9795918367346939, ""5"": 0.9795918367346939, ""6"": 0.9830508474576272, ""7"": 0.0, ""8"": 0.6666666666666666, ""9"": 0.0}","{""0"": 1.0, ""1"": 0.8888888888888888, ""2"": 0.8888888888888888, ""3"": 0.7, ""4"": 1.0, ""5"": 0.96, ""6"": 0.9666666666666667, ""7"": 0.0, ""8"": 0.6, ""9"": 0.0}","{""0"": 0.6, ""1"": 1.0, ""2"": 0.8888888888888888, ""3"": 1.0, ""4"": 0.96, ""5"": 1.0, ""6"": 1.0, ""7"": 0.0, ""8"": 0.75, ""9"": 0.0}","[[6.0, 1.0, 1.0, 1.0, 0.0, 1.0, 0.0, 0.0, 0.0, 0.0], [0.0, 8.0, 0.0, 0.0, 0.0, 0.0, 0.0, 0.0, 0.0, 0.0], [0.0, 0.0, 8.0, 1.0, 0.0, 0.0, 0.0, 0.0, 0.0, 0.0], [0.0, 0.0, 0.0, 7.0, 0.0, 0.0, 0.0, 0.0, 0.0, 0.0], [0.0, 0.0, 0.0, 0.0, 24.0, 0.0, 1.0, 0.0, 0.0, 0.0], [0.0, 0.0, 0.0, 0.0, 0.0, 24.0, 0.0, 0.0, 0.0, 0.0], [0.0, 0.0, 0.0, 0.0, 0.0, 0.0, 29.0, 0.0, 0.0, 0.0], [0.0, 0.0, 0.0, 0.0, 0.0, 0.0, 0.0, 0.0, 2.0, 0.0], [0.0, 0.0, 0.0, 1.0, 0.0, 0.0, 0.0, 0.0, 3.0, 0.0], [0.0, 0.0, 0.0, 0.0, 0.0, 0.0, 0.0, 0.0, 0.0, 0.0]]","[[0.6, 0.1, 0.1, 0.1, 0.0, 0.1, 0.0, 0.0, 0.0, 0.0], [0.0, 1.0, 0.0, 0.0, 0.0, 0.0, 0.0, 0.0, 0.0, 0.0], [0.0, 0.0, 0.8888888888888888, 0.1111111111111111, 0.0, 0.0, 0.0, 0.0, 0.0, 0.0], [0.0, 0.0, 0.0, 1.0, 0.0, 0.0, 0.0, 0.0, 0.0, 0.0], [0.0, 0.0, 0.0, 0.0, 0.96, 0.0, 0.04, 0.0, 0.0, 0.0], [0.0, 0.0, 0.0, 0.0, 0.0, 1.0, 0.0, 0.0, 0.0, 0.0], [0.0, 0.0, 0.0, 0.0, 0.0, 0.0, 1.0, 0.0, 0.0, 0.0], [0.0, 0.0, 0.0, 0.0, 0.0, 0.0, 0.0, 0.0, 1.0, 0.0], [0.0, 0.0, 0.0, 0.25, 0.0, 0.0, 0.0, 0.0, 0.75, 0.0], [0.0, 0.0, 0.0, 0.0, 0.0, 0.0, 0.0, 0.0, 0.0, 0.0]]","[""BENIGN"", ""FTP-PATATOR"", ""DOS GOLDENEYE"", ""SSH-PATATOR"", ""DDOS"", ""PORTSCAN"", ""DOS HULK"", ""WEB ATTACK \ufffd XSS"", ""WEB ATTACK \ufffd BRUTE FORCE"", ""WEB ATTACK \ufffd SQL INJECTION""]",0.2,0.9986488985200349,0.7928735613822937,0.9719626168224299,0.2,0.7928735613822937,,9.651611103486967,10.45501029756701,1.962546226549663,196.2546292287481,80.72354200703558,1,0.01,64,,,,,,,,,,,,False,False,,
7,5,588,10,0.2664735019207001,0.9491525423728814,0.19964862614870071,0.940677966101695,0.8191606754705054,0.7985436864804402,0.7985436864804402,0.30000000000000004,"{""0"": 0.8235294117647058, ""1"": 1.0, ""2"": 0.8421052631578947, ""3"": 0.875, ""4"": 1.0, ""5"": 0.9795918367346939, ""6"": 1.0, ""7"": 0.0, ""8"": 0.6666666666666666, ""9"": 0.0}","{""0"": 1.0, ""1"": 1.0, ""2"": 0.8, ""3"": 0.7777777777777778, ""4"": 1.0, ""5"": 0.96, ""6"": 1.0, ""7"": 0.0, ""8"": 0.6, ""9"": 0.0}","{""0"": 0.7, ""1"": 1.0, ""2"": 0.8888888888888888, ""3"": 1.0, ""4"": 1.0, ""5"": 1.0, ""6"": 1.0, ""7"": 0.0, ""8"": 0.75, ""9"": 0.0}","[[7.0, 0.0, 2.0, 0.0, 0.0, 1.0, 0.0, 0.0, 0.0, 0.0], [0.0, 8.0, 0.0, 0.0, 0.0, 0.0, 0.0, 0.0, 0.0, 0.0], [0.0, 0.0, 8.0, 1.0, 0.0, 0.0, 0.0, 0.0, 0.0, 0.0], [0.0, 0.0, 0.0, 7.0, 0.0, 0.0, 0.0, 0.0, 0.0, 0.0], [0.0, 0.0, 0.0, 0.0, 25.0, 0.0, 0.0, 0.0, 0.0, 0.0], [0.0, 0.0, 0.0, 0.0, 0.0, 24.0, 0.0, 0.0, 0.0, 0.0], [0.0, 0.0, 0.0, 0.0, 0.0, 0.0, 29.0, 0.0, 0.0, 0.0], [0.0, 0.0, 0.0, 0.0, 0.0, 0.0, 0.0, 0.0, 2.0, 0.0], [0.0, 0.0, 0.0, 1.0, 0.0, 0.0, 0.0, 0.0, 3.0, 0.0], [0.0, 0.0, 0.0, 0.0, 0.0, 0.0, 0.0, 0.0, 0.0, 0.0]]","[[0.7, 0.0, 0.2, 0.0, 0.0, 0.1, 0.0, 0.0, 0.0, 0.0], [0.0, 1.0, 0.0, 0.0, 0.0, 0.0, 0.0, 0.0, 0.0, 0.0], [0.0, 0.0, 0.8888888888888888, 0.1111111111111111, 0.0, 0.0, 0.0, 0.0, 0.0, 0.0], [0.0, 0.0, 0.0, 1.0, 0.0, 0.0, 0.0, 0.0, 0.0, 0.0], [0.0, 0.0, 0.0, 0.0, 1.0, 0.0, 0.0, 0.0, 0.0, 0.0], [0.0, 0.0, 0.0, 0.0, 0.0, 1.0, 0.0, 0.0, 0.0, 0.0], [0.0, 0.0, 0.0, 0.0, 0.0, 0.0, 1.0, 0.0, 0.0, 0.0], [0.0, 0.0, 0.0, 0.0, 0.0, 0.0, 0.0, 0.0, 1.0, 0.0], [0.0, 0.0, 0.0, 0.25, 0.0, 0.0, 0.0, 0.0, 0.75, 0.0], [0.0, 0.0, 0.0, 0.0, 0.0, 0.0, 0.0, 0.0, 0.0, 0.0]]","[""BENIGN"", ""FTP-PATATOR"", ""DOS GOLDENEYE"", ""SSH-PATATOR"", ""DDOS"", ""PORTSCAN"", ""DOS HULK"", ""WEB ATTACK \ufffd XSS"", ""WEB ATTACK \ufffd BRUTE FORCE"", ""WEB ATTACK \ufffd SQL INJECTION""]",0.1,0.9989851808531728,0.8451264500617981,0.9765258215962441,0.1,0.8451264500617981,,10.434084882141807,11.092316156730147,1.71224873696565,171.22487640977928,513.1735409959219,1,0.01,64,,,,,,,,,,,,False,False,,
7,6,588,10,0.18625883758068085,0.9491525423728814,0.21745696663856506,0.9322033898305084,0.8191606754705054,0.7948160487309206,0.7948160487309206,0.4,"{""0"": 0.75, ""1"": 1.0, ""2"": 0.9473684210526315, ""3"": 0.9333333333333333, ""4"": 0.96, ""5"": 0.9795918367346939, ""6"": 0.9830508474576272, ""7"": 0.0, ""8"": 0.6, ""9"": 0.0}","{""0"": 1.0, ""1"": 1.0, ""2"": 0.9, ""3"": 0.875, ""4"": 0.96, ""5"": 0.96, ""6"": 0.9666666666666667, ""7"": 0.0, ""8"": 0.5, ""9"": 0.0}","{""0"": 0.6, ""1"": 1.0, ""2"": 1.0, ""3"": 1.0, ""4"": 0.96, ""5"": 1.0, ""6"": 1.0, ""7"": 0.0, ""8"": 0.75, ""9"": 0.0}","[[6.0, 0.0, 1.0, 0.0, 1.0, 1.0, 0.0, 0.0, 1.0, 0.0], [0.0, 8.0, 0.0, 0.0, 0.0, 0.0, 0.0, 0.0, 0.0, 0.0], [0.0, 0.0, 9.0, 0.0, 0.0, 0.0, 0.0, 0.0, 0.0, 0.0], [0.0, 0.0, 0.0, 7.0, 0.0, 0.0, 0.0, 0.0, 0.0, 0.0], [0.0, 0.0, 0.0, 0.0, 24.0, 0.0, 1.0, 0.0, 0.0, 0.0], [0.0, 0.0, 0.0, 0.0, 0.0, 24.0, 0.0, 0.0, 0.0, 0.0], [0.0, 0.0, 0.0, 0.0, 0.0, 0.0, 29.0, 0.0, 0.0, 0.0], [0.0, 0.0, 0.0, 0.0, 0.0, 0.0, 0.0, 0.0, 2.0, 0.0], [0.0, 0.0, 0.0, 1.0, 0.0, 0.0, 0.0, 0.0, 3.0, 0.0], [0.0, 0.0, 0.0, 0.0, 0.0, 0.0, 0.0, 0.0, 0.0, 0.0]]","[[0.6, 0.0, 0.1, 0.0, 0.1, 0.1, 0.0, 0.0, 0.1, 0.0], [0.0, 1.0, 0.0, 0.0, 0.0, 0.0, 0.0, 0.0, 0.0, 0.0], [0.0, 0.0, 1.0, 0.0, 0.0, 0.0, 0.0, 0.0, 0.0, 0.0], [0.0, 0.0, 0.0, 1.0, 0.0, 0.0, 0.0, 0.0, 0.0, 0.0], [0.0, 0.0, 0.0, 0.0, 0.96, 0.0, 0.04, 0.0, 0.0, 0.0], [0.0, 0.0, 0.0, 0.0, 0.0, 1.0, 0.0, 0.0, 0.0, 0.0], [0.0, 0.0, 0.0, 0.0, 0.0, 0.0, 1.0, 0.0, 0.0, 0.0], [0.0, 0.0, 0.0, 0.0, 0.0, 0.0, 0.0, 0.0, 1.0, 0.0], [0.0, 0.0, 0.0, 0.25, 0.0, 0.0, 0.0, 0.0, 0.75, 0.0], [0.0, 0.0, 0.0, 0.0, 0.0, 0.0, 0.0, 0.0, 0.0, 0.0]]","[""BENIGN"", ""FTP-PATATOR"", ""DOS GOLDENEYE"", ""SSH-PATATOR"", ""DDOS"", ""PORTSCAN"", ""DOS HULK"", ""WEB ATTACK \ufffd XSS"", ""WEB ATTACK \ufffd BRUTE FORCE"", ""WEB ATTACK \ufffd SQL INJECTION""]",0.3,0.9989851808531727,0.915635347366333,0.9722222222222222,0.3,0.915635347366333,,11.003259349667458,11.51110848452193,1.6731129836338554,167.31130880132002,97.76787500595674,1,0.01,64,,,,,,,,,,,,False,False,,
7,7,588,10,0.14771024137735367,0.9576271186440678,0.20411621034145355,0.9322033898305084,0.8233114883380253,0.8020809390925234,0.8020809390925234,0.19999999999999996,"{""0"": 0.8888888888888888, ""1"": 1.0, ""2"": 0.9411764705882353, ""3"": 0.875, ""4"": 0.9795918367346939, ""5"": 0.9795918367346939, ""6"": 0.9830508474576272, ""7"": 0.5714285714285714, ""8"": 0.0, ""9"": 0.0}","{""0"": 1.0, ""1"": 1.0, ""2"": 1.0, ""3"": 0.7777777777777778, ""4"": 1.0, ""5"": 0.96, ""6"": 0.9666666666666667, ""7"": 0.4, ""8"": 0.0, ""9"": 0.0}","{""0"": 0.8, ""1"": 1.0, ""2"": 0.8888888888888888, ""3"": 1.0, ""4"": 0.96, ""5"": 1.0, ""6"": 1.0, ""7"": 1.0, ""8"": 0.0, ""9"": 0.0}","[[8.0, 0.0, 0.0, 0.0, 0.0, 1.0, 0.0, 0.0, 1.0, 0.0], [0.0, 8.0, 0.0, 0.0, 0.0, 0.0, 0.0, 0.0, 0.0, 0.0], [0.0, 0.0, 8.0, 1.0, 0.0, 0.0, 0.0, 0.0, 0.0, 0.0], [0.0, 0.0, 0.0, 7.0, 0.0, 0.0, 0.0, 0.0, 0.0, 0.0], [0.0, 0.0, 0.0, 0.0, 24.0, 0.0, 1.0, 0.0, 0.0, 0.0], [0.0, 0.0, 0.0, 0.0, 0.0, 24.0, 0.0, 0.0, 0.0, 0.0], [0.0, 0.0, 0.0, 0.0, 0.0, 0.0, 29.0, 0.0, 0.0, 0.0], [0.0, 0.0, 0.0, 0.0, 0.0, 0.0, 0.0, 2.0, 0.0, 0.0], [0.0, 0.0, 0.0, 1.0, 0.0, 0.0, 0.0, 3.0, 0.0, 0.0], [0.0, 0.0, 0.0, 0.0, 0.0, 0.0, 0.0, 0.0, 0.0, 0.0]]","[[0.8, 0.0, 0.0, 0.0, 0.0, 0.1, 0.0, 0.0, 0.1, 0.0], [0.0, 1.0, 0.0, 0.0, 0.0, 0.0, 0.0, 0.0, 0.0, 0.0], [0.0, 0.0, 0.8888888888888888, 0.1111111111111111, 0.0, 0.0, 0.0, 0.0, 0.0, 0.0], [0.0, 0.0, 0.0, 1.0, 0.0, 0.0, 0.0, 0.0, 0.0, 0.0], [0.0, 0.0, 0.0, 0.0, 0.96, 0.0, 0.04, 0.0, 0.0, 0.0], [0.0, 0.0, 0.0, 0.0, 0.0, 1.0, 0.0, 0.0, 0.0, 0.0], [0.0, 0.0, 0.0, 0.0, 0.0, 0.0, 1.0, 0.0, 0.0, 0.0], [0.0, 0.0, 0.0, 0.0, 0.0, 0.0, 0.0, 1.0, 0.0, 0.0], [0.0, 0.0, 0.0, 0.25, 0.0, 0.0, 0.0, 0.75, 0.0, 0.0], [0.0, 0.0, 0.0, 0.0, 0.0, 0.0, 0.0, 0.0, 0.0, 0.0]]","[""BENIGN"", ""FTP-PATATOR"", ""DOS GOLDENEYE"", ""SSH-PATATOR"", ""DDOS"", ""PORTSCAN"", ""DOS HULK"", ""WEB ATTACK \ufffd XSS"", ""WEB ATTACK \ufffd BRUTE FORCE"", ""WEB ATTACK \ufffd SQL INJECTION""]",0.3,0.9993172171357538,0.6573637127876282,0.9863013698630136,0.3,0.6573637127876282,,11.426300702798914,11.882608404732997,1.6420116310226462,164.2011618388398,67.4964159989031,1,0.01,64,,,,,,,,,,,,False,False,,
7,8,588,10,0.1458539180457592,0.9491525423728814,0.262223482131958,0.9322033898305084,0.8127294777560147,0.7930551065372791,0.7930551065372791,0.30000000000000004,"{""0"": 0.8235294117647058, ""1"": 0.9411764705882353, ""2"": 0.8888888888888888, ""3"": 0.875, ""4"": 0.9795918367346939, ""5"": 0.9795918367346939, ""6"": 0.9830508474576272, ""7"": 0.0, ""8"": 0.6666666666666666, ""9"": 0.0}","{""0"": 1.0, ""1"": 0.8888888888888888, ""2"": 0.8888888888888888, ""3"": 0.7777777777777778, ""4"": 1.0, ""5"": 0.96, ""6"": 0.9666666666666667, ""7"": 0.0, ""8"": 0.6, ""9"": 0.0}","{""0"": 0.7, ""1"": 1.0, ""2"": 0.8888888888888888, ""3"": 1.0, ""4"": 0.96, ""5"": 1.0, ""6"": 1.0, ""7"": 0.0, ""8"": 0.75, ""9"": 0.0}","[[7.0, 1.0, 1.0, 0.0, 0.0, 1.0, 0.0, 0.0, 0.0, 0.0], [0.0, 8.0, 0.0, 0.0, 0.0, 0.0, 0.0, 0.0, 0.0, 0.0], [0.0, 0.0, 8.0, 1.0, 0.0, 0.0, 0.0, 0.0, 0.0, 0.0], [0.0, 0.0, 0.0, 7.0, 0.0, 0.0, 0.0, 0.0, 0.0, 0.0], [0.0, 0.0, 0.0, 0.0, 24.0, 0.0, 1.0, 0.0, 0.0, 0.0], [0.0, 0.0, 0.0, 0.0, 0.0, 24.0, 0.0, 0.0, 0.0, 0.0], [0.0, 0.0, 0.0, 0.0, 0.0, 0.0, 29.0, 0.0, 0.0, 0.0], [0.0, 0.0, 0.0, 0.0, 0.0, 0.0, 0.0, 0.0, 2.0, 0.0], [0.0, 0.0, 0.0, 1.0, 0.0, 0.0, 0.0, 0.0, 3.0, 0.0], [0.0, 0.0, 0.0, 0.0, 0.0, 0.0, 0.0, 0.0, 0.0, 0.0]]","[[0.7, 0.1, 0.1, 0.0, 0.0, 0.1, 0.0, 0.0, 0.0, 0.0], [0.0, 1.0, 0.0, 0.0, 0.0, 0.0, 0.0, 0.0, 0.0, 0.0], [0.0, 0.0, 0.8888888888888888, 0.1111111111111111, 0.0, 0.0, 0.0, 0.0, 0.0, 0.0], [0.0, 0.0, 0.0, 1.0, 0.0, 0.0, 0.0, 0.0, 0.0, 0.0], [0.0, 0.0, 0.0, 0.0, 0.96, 0.0, 0.04, 0.0, 0.0, 0.0], [0.0, 0.0, 0.0, 0.0, 0.0, 1.0, 0.0, 0.0, 0.0, 0.0], [0.0, 0.0, 0.0, 0.0, 0.0, 0.0, 1.0, 0.0, 0.0, 0.0], [0.0, 0.0, 0.0, 0.0, 0.0, 0.0, 0.0, 0.0, 1.0, 0.0], [0.0, 0.0, 0.0, 0.25, 0.0, 0.0, 0.0, 0.0, 0.75, 0.0], [0.0, 0.0, 0.0, 0.0, 0.0, 0.0, 0.0, 0.0, 0.0, 0.0]]","[""BENIGN"", ""FTP-PATATOR"", ""DOS GOLDENEYE"", ""SSH-PATATOR"", ""DDOS"", ""PORTSCAN"", ""DOS HULK"", ""WEB ATTACK \ufffd XSS"", ""WEB ATTACK \ufffd BRUTE FORCE"", ""WEB ATTACK \ufffd SQL INJECTION""]",0.0,0.999060614048962,0.9527775049209595,0.9615384615384616,0.0,0.9527775049209595,,11.83046057984922,12.231696793641628,1.5983520490944008,159.83521158005155,86.76366698637139,1,0.01,64,,,,,,,,,,,,False,False,,
7,9,588,10,0.13178780674934387,0.9491525423728814,0.18081217259168625,0.940677966101695,0.8127294777560147,0.7999655417722644,0.7999655417722644,0.30000000000000004,"{""0"": 0.8235294117647058, ""1"": 1.0, ""2"": 0.9411764705882353, ""3"": 0.875, ""4"": 0.9803921568627451, ""5"": 0.9795918367346939, ""6"": 1.0, ""7"": 0.0, ""8"": 0.6, ""9"": 0.0}","{""0"": 1.0, ""1"": 1.0, ""2"": 1.0, ""3"": 0.7777777777777778, ""4"": 0.9615384615384616, ""5"": 0.96, ""6"": 1.0, ""7"": 0.0, ""8"": 0.5, ""9"": 0.0}","{""0"": 0.7, ""1"": 1.0, ""2"": 0.8888888888888888, ""3"": 1.0, ""4"": 1.0, ""5"": 1.0, ""6"": 1.0, ""7"": 0.0, ""8"": 0.75, ""9"": 0.0}","[[7.0, 0.0, 0.0, 0.0, 1.0, 1.0, 0.0, 0.0, 1.0, 0.0], [0.0, 8.0, 0.0, 0.0, 0.0, 0.0, 0.0, 0.0, 0.0, 0.0], [0.0, 0.0, 8.0, 1.0, 0.0, 0.0, 0.0, 0.0, 0.0, 0.0], [0.0, 0.0, 0.0, 7.0, 0.0, 0.0, 0.0, 0.0, 0.0, 0.0], [0.0, 0.0, 0.0, 0.0, 25.0, 0.0, 0.0, 0.0, 0.0, 0.0], [0.0, 0.0, 0.0, 0.0, 0.0, 24.0, 0.0, 0.0, 0.0, 0.0], [0.0, 0.0, 0.0, 0.0, 0.0, 0.0, 29.0, 0.0, 0.0, 0.0], [0.0, 0.0, 0.0, 0.0, 0.0, 0.0, 0.0, 0.0, 2.0, 0.0], [0.0, 0.0, 0.0, 1.0, 0.0, 0.0, 0.0, 0.0, 3.0, 0.0], [0.0, 0.0, 0.0, 0.0, 0.0, 0.0, 0.0, 0.0, 0.0, 0.0]]","[[0.7, 0.0, 0.0, 0.0, 0.1, 0.1, 0.0, 0.0, 0.1, 0.0], [0.0, 1.0, 0.0, 0.0, 0.0, 0.0, 0.0, 0.0, 0.0, 0.0], [0.0, 0.0, 0.8888888888888888, 0.1111111111111111, 0.0, 0.0, 0.0, 0.0, 0.0, 0.0], [0.0, 0.0, 0.0, 1.0, 0.0, 0.0, 0.0, 0.0, 0.0, 0.0], [0.0, 0.0, 0.0, 0.0, 1.0, 0.0, 0.0, 0.0, 0.0, 0.0], [0.0, 0.0, 0.0, 0.0, 0.0, 1.0, 0.0, 0.0, 0.0, 0.0], [0.0, 0.0, 0.0, 0.0, 0.0, 0.0, 1.0, 0.0, 0.0, 0.0], [0.0, 0.0, 0.0, 0.0, 0.0, 0.0, 0.0, 0.0, 1.0, 0.0], [0.0, 0.0, 0.0, 0.25, 0.0, 0.0, 0.0, 0.0, 0.75, 0.0], [0.0, 0.0, 0.0, 0.0, 0.0, 0.0, 0.0, 0.0, 0.0, 0.0]]","[""BENIGN"", ""FTP-PATATOR"", ""DOS GOLDENEYE"", ""SSH-PATATOR"", ""DDOS"", ""PORTSCAN"", ""DOS HULK"", ""WEB ATTACK \ufffd XSS"", ""WEB ATTACK \ufffd BRUTE FORCE"", ""WEB ATTACK \ufffd SQL INJECTION""]",0.1,0.9967996004548503,0.9731287956237793,0.9519230769230769,0.1,0.9731287956237793,,12.1810736959283,12.467215034228799,1.4669696071457183,146.69696207495946,86.83295900118537,1,0.01,64,,,,,,,,,,,,False,False,,
7,10,588,10,0.12431885674595833,0.9576271186440678,0.18160409480333328,0.9491525423728814,0.8233114883380253,0.8058641975308641,0.8058641975308641,0.19999999999999996,"{""0"": 0.8888888888888888, ""1"": 1.0, ""2"": 0.8888888888888888, ""3"": 0.875, ""4"": 1.0, ""5"": 1.0, ""6"": 1.0, ""7"": 0.0, ""8"": 0.6, ""9"": 0.0}","{""0"": 1.0, ""1"": 1.0, ""2"": 0.8888888888888888, ""3"": 0.7777777777777778, ""4"": 1.0, ""5"": 1.0, ""6"": 1.0, ""7"": 0.0, ""8"": 0.5, ""9"": 0.0}","{""0"": 0.8, ""1"": 1.0, ""2"": 0.8888888888888888, ""3"": 1.0, ""4"": 1.0, ""5"": 1.0, ""6"": 1.0, ""7"": 0.0, ""8"": 0.75, ""9"": 0.0}","[[8.0, 0.0, 1.0, 0.0, 0.0, 0.0, 0.0, 0.0, 1.0, 0.0], [0.0, 8.0, 0.0, 0.0, 0.0, 0.0, 0.0, 0.0, 0.0, 0.0], [0.0, 0.0, 8.0, 1.0, 0.0, 0.0, 0.0, 0.0, 0.0, 0.0], [0.0, 0.0, 0.0, 7.0, 0.0, 0.0, 0.0, 0.0, 0.0, 0.0], [0.0, 0.0, 0.0, 0.0, 25.0, 0.0, 0.0, 0.0, 0.0, 0.0], [0.0, 0.0, 0.0, 0.0, 0.0, 24.0, 0.0, 0.0, 0.0, 0.0], [0.0, 0.0, 0.0, 0.0, 0.0, 0.0, 29.0, 0.0, 0.0, 0.0], [0.0, 0.0, 0.0, 0.0, 0.0, 0.0, 0.0, 0.0, 2.0, 0.0], [0.0, 0.0, 0.0, 1.0, 0.0, 0.0, 0.0, 0.0, 3.0, 0.0], [0.0, 0.0, 0.0, 0.0, 0.0, 0.0, 0.0, 0.0, 0.0, 0.0]]","[[0.8, 0.0, 0.1, 0.0, 0.0, 0.0, 0.0, 0.0, 0.1, 0.0], [0.0, 1.0, 0.0, 0.0, 0.0, 0.0, 0.0, 0.0, 0.0, 0.0], [0.0, 0.0, 0.8888888888888888, 0.1111111111111111, 0.0, 0.0, 0.0, 0.0, 0.0, 0.0], [0.0, 0.0, 0.0, 1.0, 0.0, 0.0, 0.0, 0.0, 0.0, 0.0], [0.0, 0.0, 0.0, 0.0, 1.0, 0.0, 0.0, 0.0, 0.0, 0.0], [0.0, 0.0, 0.0, 0.0, 0.0, 1.0, 0.0, 0.0, 0.0, 0.0], [0.0, 0.0, 0.0, 0.0, 0.0, 0.0, 1.0, 0.0, 0.0, 0.0], [0.0, 0.0, 0.0, 0.0, 0.0, 0.0, 0.0, 0.0, 1.0, 0.0], [0.0, 0.0, 0.0, 0.25, 0.0, 0.0, 0.0, 0.0, 0.75, 0.0], [0.0, 0.0, 0.0, 0.0, 0.0, 0.0, 0.0, 0.0, 0.0, 0.0]]","[""BENIGN"", ""FTP-PATATOR"", ""DOS GOLDENEYE"", ""SSH-PATATOR"", ""DDOS"", ""PORTSCAN"", ""DOS HULK"", ""WEB ATTACK \ufffd XSS"", ""WEB ATTACK \ufffd BRUTE FORCE"", ""WEB ATTACK \ufffd SQL INJECTION""]",0.1,0.996053496069697,0.8383225798606873,0.986046511627907,0.1,0.8383225798606873,,12.503822814689252,12.78678078882561,1.6953448140274552,169.53448590121727,84.32370801165234,1,0.01,64,,,,,,,,,,,,False,False,,
7,11,588,10,0.12808183580636978,0.9576271186440678,0.26750047504901886,0.9322033898305084,0.8245298119247699,0.792793344912551,0.792793344912551,0.4,"{""0"": 0.75, ""1"": 1.0, ""2"": 0.8421052631578947, ""3"": 1.0, ""4"": 0.9803921568627451, ""5"": 0.9795918367346939, ""6"": 0.9830508474576272, ""7"": 0.0, ""8"": 0.6, ""9"": 0.0}","{""0"": 1.0, ""1"": 1.0, ""2"": 0.8, ""3"": 1.0, ""4"": 0.9615384615384616, ""5"": 0.96, ""6"": 0.9666666666666667, ""7"": 0.0, ""8"": 0.5, ""9"": 0.0}","{""0"": 0.6, ""1"": 1.0, ""2"": 0.8888888888888888, ""3"": 1.0, ""4"": 1.0, ""5"": 1.0, ""6"": 1.0, ""7"": 0.0, ""8"": 0.75, ""9"": 0.0}","[[6.0, 0.0, 1.0, 0.0, 1.0, 1.0, 0.0, 0.0, 1.0, 0.0], [0.0, 8.0, 0.0, 0.0, 0.0, 0.0, 0.0, 0.0, 0.0, 0.0], [0.0, 0.0, 8.0, 0.0, 0.0, 0.0, 1.0, 0.0, 0.0, 0.0], [0.0, 0.0, 0.0, 7.0, 0.0, 0.0, 0.0, 0.0, 0.0, 0.0], [0.0, 0.0, 0.0, 0.0, 25.0, 0.0, 0.0, 0.0, 0.0, 0.0], [0.0, 0.0, 0.0, 0.0, 0.0, 24.0, 0.0, 0.0, 0.0, 0.0], [0.0, 0.0, 0.0, 0.0, 0.0, 0.0, 29.0, 0.0, 0.0, 0.0], [0.0, 0.0, 0.0, 0.0, 0.0, 0.0, 0.0, 0.0, 2.0, 0.0], [0.0, 0.0, 1.0, 0.0, 0.0, 0.0, 0.0, 0.0, 3.0, 0.0], [0.0, 0.0, 0.0, 0.0, 0.0, 0.0, 0.0, 0.0, 0.0, 0.0]]","[[0.6, 0.0, 0.1, 0.0, 0.1, 0.1, 0.0, 0.0, 0.1, 0.0], [0.0, 1.0, 0.0, 0.0, 0.0, 0.0, 0.0, 0.0, 0.0, 0.0], [0.0, 0.0, 0.8888888888888888, 0.0, 0.0, 0.0, 0.1111111111111111, 0.0, 0.0, 0.0], [0.0, 0.0, 0.0, 1.0, 0.0, 0.0, 0.0, 0.0, 0.0, 0.0], [0.0, 0.0, 0.0, 0.0, 1.0, 0.0, 0.0, 0.0, 0.0, 0.0], [0.0, 0.0, 0.0, 0.0, 0.0, 1.0, 0.0, 0.0, 0.0, 0.0], [0.0, 0.0, 0.0, 0.0, 0.0, 0.0, 1.0, 0.0, 0.0, 0.0], [0.0, 0.0, 0.0, 0.0, 0.0, 0.0, 0.0, 0.0, 1.0, 0.0], [0.0, 0.0, 0.25, 0.0, 0.0, 0.0, 0.0, 0.0, 0.75, 0.0], [0.0, 0.0, 0.0, 0.0, 0.0, 0.0, 0.0, 0.0, 0.0, 0.0]]","[""BENIGN"", ""FTP-PATATOR"", ""DOS GOLDENEYE"", ""SSH-PATATOR"", ""DDOS"", ""PORTSCAN"", ""DOS HULK"", ""WEB ATTACK \ufffd XSS"", ""WEB ATTACK \ufffd BRUTE FORCE"", ""WEB ATTACK \ufffd SQL INJECTION""]",0.3,0.9937622972994459,0.8242747783660889,0.9863013698630136,0.3,0.8242747783660889,,12.824275845421756,13.165888065172348,1.7979146306192526,179.79146059568876,54.96904099709354,1,0.01,64,,,,,,,,,,,,False,False,,
7,12,588,10,0.12116256728768349,0.9661016949152542,0.21627988666296005,0.9322033898305084,0.8363289175319251,0.7871890564135258,0.7871890564135258,0.30000000000000004,"{""0"": 0.8235294117647058, ""1"": 1.0, ""2"": 0.8235294117647058, ""3"": 0.875, ""4"": 1.0, ""5"": 0.9795918367346939, ""6"": 0.9830508474576272, ""7"": 0.0, ""8"": 0.6, ""9"": 0.0}","{""0"": 1.0, ""1"": 1.0, ""2"": 0.875, ""3"": 0.7777777777777778, ""4"": 1.0, ""5"": 0.96, ""6"": 0.9666666666666667, ""7"": 0.0, ""8"": 0.5, ""9"": 0.0}","{""0"": 0.7, ""1"": 1.0, ""2"": 0.7777777777777778, ""3"": 1.0, ""4"": 1.0, ""5"": 1.0, ""6"": 1.0, ""7"": 0.0, ""8"": 0.75, ""9"": 0.0}","[[7.0, 0.0, 1.0, 0.0, 0.0, 1.0, 0.0, 0.0, 1.0, 0.0], [0.0, 8.0, 0.0, 0.0, 0.0, 0.0, 0.0, 0.0, 0.0, 0.0], [0.0, 0.0, 7.0, 1.0, 0.0, 0.0, 1.0, 0.0, 0.0, 0.0], [0.0, 0.0, 0.0, 7.0, 0.0, 0.0, 0.0, 0.0, 0.0, 0.0], [0.0, 0.0, 0.0, 0.0, 25.0, 0.0, 0.0, 0.0, 0.0, 0.0], [0.0, 0.0, 0.0, 0.0, 0.0, 24.0, 0.0, 0.0, 0.0, 0.0], [0.0, 0.0, 0.0, 0.0, 0.0, 0.0, 29.0, 0.0, 0.0, 0.0], [0.0, 0.0, 0.0, 0.0, 0.0, 0.0, 0.0, 0.0, 2.0, 0.0], [0.0, 0.0, 0.0, 1.0, 0.0, 0.0, 0.0, 0.0, 3.0, 0.0], [0.0, 0.0, 0.0, 0.0, 0.0, 0.0, 0.0, 0.0, 0.0, 0.0]]","[[0.7, 0.0, 0.1, 0.0, 0.0, 0.1, 0.0, 0.0, 0.1, 0.0], [0.0, 1.0, 0.0, 0.0, 0.0, 0.0, 0.0, 0.0, 0.0, 0.0], [0.0, 0.0, 0.7777777777777778, 0.1111111111111111, 0.0, 0.0, 0.1111111111111111, 0.0, 0.0, 0.0], [0.0, 0.0, 0.0, 1.0, 0.0, 0.0, 0.0, 0.0, 0.0, 0.0], [0.0, 0.0, 0.0, 0.0, 1.0, 0.0, 0.0, 0.0, 0.0, 0.0], [0.0, 0.0, 0.0, 0.0, 0.0, 1.0, 0.0, 0.0, 0.0, 0.0], [0.0, 0.0, 0.0, 0.0, 0.0, 0.0, 1.0, 0.0, 0.0, 0.0], [0.0, 0.0, 0.0, 0.0, 0.0, 0.0, 0.0, 0.0, 1.0, 0.0], [0.0, 0.0, 0.0, 0.25, 0.0, 0.0, 0.0, 0.0, 0.75, 0.0], [0.0, 0.0, 0.0, 0.0, 0.0, 0.0, 0.0, 0.0, 0.0, 0.0]]","[""BENIGN"", ""FTP-PATATOR"", ""DOS GOLDENEYE"", ""SSH-PATATOR"", ""DDOS"", ""PORTSCAN"", ""DOS HULK"", ""WEB ATTACK \ufffd XSS"", ""WEB ATTACK \ufffd BRUTE FORCE"", ""WEB ATTACK \ufffd SQL INJECTION""]",0.0,0.9903702828516007,0.9998988509178162,0.5306122448979592,0.0,0.9998988509178162,,13.081025343203835,13.39086655006077,1.7007612500353106,170.07613310587143,75.73708400013857,1,0.01,64,,,,,,,,,,,,False,False,,
7,13,588,10,0.11782893538475037,0.9576271186440678,0.24316634982824326,0.923728813559322,0.8233114883380253,0.7749564206331123,0.7749564206331123,0.4,"{""0"": 0.75, ""1"": 1.0, ""2"": 0.8421052631578947, ""3"": 0.875, ""4"": 1.0, ""5"": 0.9795918367346939, ""6"": 0.9824561403508771, ""7"": 0.0, ""8"": 0.5454545454545454, ""9"": 0.0}","{""0"": 1.0, ""1"": 1.0, ""2"": 0.8, ""3"": 0.7777777777777778, ""4"": 1.0, ""5"": 0.96, ""6"": 1.0, ""7"": 0.0, ""8"": 0.42857142857142855, ""9"": 0.0}","{""0"": 0.6, ""1"": 1.0, ""2"": 0.8888888888888888, ""3"": 1.0, ""4"": 1.0, ""5"": 1.0, ""6"": 0.9655172413793104, ""7"": 0.0, ""8"": 0.75, ""9"": 0.0}","[[6.0, 0.0, 1.0, 0.0, 0.0, 1.0, 0.0, 0.0, 2.0, 0.0], [0.0, 8.0, 0.0, 0.0, 0.0, 0.0, 0.0, 0.0, 0.0, 0.0], [0.0, 0.0, 8.0, 1.0, 0.0, 0.0, 0.0, 0.0, 0.0, 0.0], [0.0, 0.0, 0.0, 7.0, 0.0, 0.0, 0.0, 0.0, 0.0, 0.0], [0.0, 0.0, 0.0, 0.0, 25.0, 0.0, 0.0, 0.0, 0.0, 0.0], [0.0, 0.0, 0.0, 0.0, 0.0, 24.0, 0.0, 0.0, 0.0, 0.0], [0.0, 0.0, 1.0, 0.0, 0.0, 0.0, 28.0, 0.0, 0.0, 0.0], [0.0, 0.0, 0.0, 0.0, 0.0, 0.0, 0.0, 0.0, 2.0, 0.0], [0.0, 0.0, 0.0, 1.0, 0.0, 0.0, 0.0, 0.0, 3.0, 0.0], [0.0, 0.0, 0.0, 0.0, 0.0, 0.0, 0.0, 0.0, 0.0, 0.0]]","[[0.6, 0.0, 0.1, 0.0, 0.0, 0.1, 0.0, 0.0, 0.2, 0.0], [0.0, 1.0, 0.0, 0.0, 0.0, 0.0, 0.0, 0.0, 0.0, 0.0], [0.0, 0.0, 0.8888888888888888, 0.1111111111111111, 0.0, 0.0, 0.0, 0.0, 0.0, 0.0], [0.0, 0.0, 0.0, 1.0, 0.0, 0.0, 0.0, 0.0, 0.0, 0.0], [0.0, 0.0, 0.0, 0.0, 1.0, 0.0, 0.0, 0.0, 0.0, 0.0], [0.0, 0.0, 0.0, 0.0, 0.0, 1.0, 0.0, 0.0, 0.0, 0.0], [0.0, 0.0, 0.034482758620689655, 0.0, 0.0, 0.0, 0.9655172413793104, 0.0, 0.0, 0.0], [0.0, 0.0, 0.0, 0.0, 0.0, 0.0, 0.0, 0.0, 1.0, 0.0], [0.0, 0.0, 0.0, 0.25, 0.0, 0.0, 0.0, 0.0, 0.75, 0.0], [0.0, 0.0, 0.0, 0.0, 0.0, 0.0, 0.0, 0.0, 0.0, 0.0]]","[""BENIGN"", ""FTP-PATATOR"", ""DOS GOLDENEYE"", ""SSH-PATATOR"", ""DDOS"", ""PORTSCAN"", ""DOS HULK"", ""WEB ATTACK \ufffd XSS"", ""WEB ATTACK \ufffd BRUTE FORCE"", ""WEB ATTACK \ufffd SQL INJECTION""]",0.1,0.9916386051992179,0.9679616689682007,0.9569377990430622,0.1,0.9679616689682007,,13.409797586433342,13.643100151281592,1.7162561981104185,171.62562216404933,89.52670799044427,1,0.01,64,,,,,,,,,,,,False,False,,
7,14,588,10,0.12250364944338799,0.9576271186440678,0.21488194167613983,0.940677966101695,0.8233114883380253,0.7950831262861338,0.7950831262861338,0.4,"{""0"": 0.75, ""1"": 1.0, ""2"": 0.9473684210526315, ""3"": 0.9333333333333333, ""4"": 1.0, ""5"": 0.9795918367346939, ""6"": 1.0, ""7"": 0.0, ""8"": 0.5454545454545454, ""9"": 0.0}","{""0"": 1.0, ""1"": 1.0, ""2"": 0.9, ""3"": 0.875, ""4"": 1.0, ""5"": 0.96, ""6"": 1.0, ""7"": 0.0, ""8"": 0.42857142857142855, ""9"": 0.0}","{""0"": 0.6, ""1"": 1.0, ""2"": 1.0, ""3"": 1.0, ""4"": 1.0, ""5"": 1.0, ""6"": 1.0, ""7"": 0.0, ""8"": 0.75, ""9"": 0.0}","[[6.0, 0.0, 1.0, 0.0, 0.0, 1.0, 0.0, 0.0, 2.0, 0.0], [0.0, 8.0, 0.0, 0.0, 0.0, 0.0, 0.0, 0.0, 0.0, 0.0], [0.0, 0.0, 9.0, 0.0, 0.0, 0.0, 0.0, 0.0, 0.0, 0.0], [0.0, 0.0, 0.0, 7.0, 0.0, 0.0, 0.0, 0.0, 0.0, 0.0], [0.0, 0.0, 0.0, 0.0, 25.0, 0.0, 0.0, 0.0, 0.0, 0.0], [0.0, 0.0, 0.0, 0.0, 0.0, 24.0, 0.0, 0.0, 0.0, 0.0], [0.0, 0.0, 0.0, 0.0, 0.0, 0.0, 29.0, 0.0, 0.0, 0.0], [0.0, 0.0, 0.0, 0.0, 0.0, 0.0, 0.0, 0.0, 2.0, 0.0], [0.0, 0.0, 0.0, 1.0, 0.0, 0.0, 0.0, 0.0, 3.0, 0.0], [0.0, 0.0, 0.0, 0.0, 0.0, 0.0, 0.0, 0.0, 0.0, 0.0]]","[[0.6, 0.0, 0.1, 0.0, 0.0, 0.1, 0.0, 0.0, 0.2, 0.0], [0.0, 1.0, 0.0, 0.0, 0.0, 0.0, 0.0, 0.0, 0.0, 0.0], [0.0, 0.0, 1.0, 0.0, 0.0, 0.0, 0.0, 0.0, 0.0, 0.0], [0.0, 0.0, 0.0, 1.0, 0.0, 0.0, 0.0, 0.0, 0.0, 0.0], [0.0, 0.0, 0.0, 0.0, 1.0, 0.0, 0.0, 0.0, 0.0, 0.0], [0.0, 0.0, 0.0, 0.0, 0.0, 1.0, 0.0, 0.0, 0.0, 0.0], [0.0, 0.0, 0.0, 0.0, 0.0, 0.0, 1.0, 0.0, 0.0, 0.0], [0.0, 0.0, 0.0, 0.0, 0.0, 0.0, 0.0, 0.0, 1.0, 0.0], [0.0, 0.0, 0.0, 0.25, 0.0, 0.0, 0.0, 0.0, 0.75, 0.0], [0.0, 0.0, 0.0, 0.0, 0.0, 0.0, 0.0, 0.0, 0.0, 0.0]]","[""BENIGN"", ""FTP-PATATOR"", ""DOS GOLDENEYE"", ""SSH-PATATOR"", ""DDOS"", ""PORTSCAN"", ""DOS HULK"", ""WEB ATTACK \ufffd XSS"", ""WEB ATTACK \ufffd BRUTE FORCE"", ""WEB ATTACK \ufffd SQL INJECTION""]",0.2,0.9930300089312651,0.8127440810203552,0.9861751152073732,0.2,0.8127440810203552,,13.675400908170806,13.936236567495484,1.5004851933266607,150.04852306092891,74.94637499621604,1,0.01,64,,,,,,,,,,,,False,False,,
7,15,588,10,0.1048753373324871,0.9745762711864406,0.30644533038139343,0.923728813559322,0.8465608465608466,0.7874237843285462,0.7874237843285462,0.4,"{""0"": 0.75, ""1"": 1.0, ""2"": 0.8888888888888888, ""3"": 0.875, ""4"": 0.9795918367346939, ""5"": 0.96, ""6"": 0.9666666666666667, ""7"": 0.0, ""8"": 0.6666666666666666, ""9"": 0.0}","{""0"": 1.0, ""1"": 1.0, ""2"": 0.8888888888888888, ""3"": 0.7777777777777778, ""4"": 1.0, ""5"": 0.9230769230769231, ""6"": 0.9354838709677419, ""7"": 0.0, ""8"": 0.6, ""9"": 0.0}","{""0"": 0.6, ""1"": 1.0, ""2"": 0.8888888888888888, ""3"": 1.0, ""4"": 0.96, ""5"": 1.0, ""6"": 1.0, ""7"": 0.0, ""8"": 0.75, ""9"": 0.0}","[[6.0, 0.0, 1.0, 0.0, 0.0, 2.0, 1.0, 0.0, 0.0, 0.0], [0.0, 8.0, 0.0, 0.0, 0.0, 0.0, 0.0, 0.0, 0.0, 0.0], [0.0, 0.0, 8.0, 1.0, 0.0, 0.0, 0.0, 0.0, 0.0, 0.0], [0.0, 0.0, 0.0, 7.0, 0.0, 0.0, 0.0, 0.0, 0.0, 0.0], [0.0, 0.0, 0.0, 0.0, 24.0, 0.0, 1.0, 0.0, 0.0, 0.0], [0.0, 0.0, 0.0, 0.0, 0.0, 24.0, 0.0, 0.0, 0.0, 0.0], [0.0, 0.0, 0.0, 0.0, 0.0, 0.0, 29.0, 0.0, 0.0, 0.0], [0.0, 0.0, 0.0, 0.0, 0.0, 0.0, 0.0, 0.0, 2.0, 0.0], [0.0, 0.0, 0.0, 1.0, 0.0, 0.0, 0.0, 0.0, 3.0, 0.0], [0.0, 0.0, 0.0, 0.0, 0.0, 0.0, 0.0, 0.0, 0.0, 0.0]]","[[0.6, 0.0, 0.1, 0.0, 0.0, 0.2, 0.1, 0.0, 0.0, 0.0], [0.0, 1.0, 0.0, 0.0, 0.0, 0.0, 0.0, 0.0, 0.0, 0.0], [0.0, 0.0, 0.8888888888888888, 0.1111111111111111, 0.0, 0.0, 0.0, 0.0, 0.0, 0.0], [0.0, 0.0, 0.0, 1.0, 0.0, 0.0, 0.0, 0.0, 0.0, 0.0], [0.0, 0.0, 0.0, 0.0, 0.96, 0.0, 0.04, 0.0, 0.0, 0.0], [0.0, 0.0, 0.0, 0.0, 0.0, 1.0, 0.0, 0.0, 0.0, 0.0], [0.0, 0.0, 0.0, 0.0, 0.0, 0.0, 1.0, 0.0, 0.0, 0.0], [0.0, 0.0, 0.0, 0.0, 0.0, 0.0, 0.0, 0.0, 1.0, 0.0], [0.0, 0.0, 0.0, 0.25, 0.0, 0.0, 0.0, 0.0, 0.75, 0.0], [0.0, 0.0, 0.0, 0.0, 0.0, 0.0, 0.0, 0.0, 0.0, 0.0]]","[""BENIGN"", ""FTP-PATATOR"", ""DOS GOLDENEYE"", ""SSH-PATATOR"", ""DDOS"", ""PORTSCAN"", ""DOS HULK"", ""WEB ATTACK \ufffd XSS"", ""WEB ATTACK \ufffd BRUTE FORCE"", ""WEB ATTACK \ufffd SQL INJECTION""]",0.3,0.9924836938211283,0.8369480967521667,0.9863013698630136,0.3,0.8369480967521667,,13.929489164282955,14.295366526585102,1.6444484031201145,164.444841981456,74.01829199807253,1,0.01,64,,,,,,,,,,,,False,False,,
7,16,588,10,0.12222511321306229,0.9576271186440678,0.23197726905345917,0.9576271186440678,0.8233114883380253,0.8197693307342431,0.8197693307342431,0.09999999999999998,"{""0"": 0.9473684210526315, ""1"": 1.0, ""2"": 0.8888888888888888, ""3"": 0.875, ""4"": 1.0, ""5"": 1.0, ""6"": 1.0, ""7"": 0.0, ""8"": 0.6666666666666666, ""9"": 0.0}","{""0"": 1.0, ""1"": 1.0, ""2"": 0.8888888888888888, ""3"": 0.7777777777777778, ""4"": 1.0, ""5"": 1.0, ""6"": 1.0, ""7"": 0.0, ""8"": 0.6, ""9"": 0.0}","{""0"": 0.9, ""1"": 1.0, ""2"": 0.8888888888888888, ""3"": 1.0, ""4"": 1.0, ""5"": 1.0, ""6"": 1.0, ""7"": 0.0, ""8"": 0.75, ""9"": 0.0}","[[9.0, 0.0, 1.0, 0.0, 0.0, 0.0, 0.0, 0.0, 0.0, 0.0], [0.0, 8.0, 0.0, 0.0, 0.0, 0.0, 0.0, 0.0, 0.0, 0.0], [0.0, 0.0, 8.0, 1.0, 0.0, 0.0, 0.0, 0.0, 0.0, 0.0], [0.0, 0.0, 0.0, 7.0, 0.0, 0.0, 0.0, 0.0, 0.0, 0.0], [0.0, 0.0, 0.0, 0.0, 25.0, 0.0, 0.0, 0.0, 0.0, 0.0], [0.0, 0.0, 0.0, 0.0, 0.0, 24.0, 0.0, 0.0, 0.0, 0.0], [0.0, 0.0, 0.0, 0.0, 0.0, 0.0, 29.0, 0.0, 0.0, 0.0], [0.0, 0.0, 0.0, 0.0, 0.0, 0.0, 0.0, 0.0, 2.0, 0.0], [0.0, 0.0, 0.0, 1.0, 0.0, 0.0, 0.0, 0.0, 3.0, 0.0], [0.0, 0.0, 0.0, 0.0, 0.0, 0.0, 0.0, 0.0, 0.0, 0.0]]","[[0.9, 0.0, 0.1, 0.0, 0.0, 0.0, 0.0, 0.0, 0.0, 0.0], [0.0, 1.0, 0.0, 0.0, 0.0, 0.0, 0.0, 0.0, 0.0, 0.0], [0.0, 0.0, 0.8888888888888888, 0.1111111111111111, 0.0, 0.0, 0.0, 0.0, 0.0, 0.0], [0.0, 0.0, 0.0, 1.0, 0.0, 0.0, 0.0, 0.0, 0.0, 0.0], [0.0, 0.0, 0.0, 0.0, 1.0, 0.0, 0.0, 0.0, 0.0, 0.0], [0.0, 0.0, 0.0, 0.0, 0.0, 1.0, 0.0, 0.0, 0.0, 0.0], [0.0, 0.0, 0.0, 0.0, 0.0, 0.0, 1.0, 0.0, 0.0, 0.0], [0.0, 0.0, 0.0, 0.0, 0.0, 0.0, 0.0, 0.0, 1.0, 0.0], [0.0, 0.0, 0.0, 0.25, 0.0, 0.0, 0.0, 0.0, 0.75, 0.0], [0.0, 0.0, 0.0, 0.0, 0.0, 0.0, 0.0, 0.0, 0.0, 0.0]]","[""BENIGN"", ""FTP-PATATOR"", ""DOS GOLDENEYE"", ""SSH-PATATOR"", ""DDOS"", ""PORTSCAN"", ""DOS HULK"", ""WEB ATTACK \ufffd XSS"", ""WEB ATTACK \ufffd BRUTE FORCE"", ""WEB ATTACK \ufffd SQL INJECTION""]",0.0,0.9900832985604133,0.9999873638153076,0.5,0.0,0.9999873638153076,,14.221251822019937,14.509102988378972,1.8661997642312362,186.6199790447805,87.92974999232683,1,0.01,64,,,,,,,,,,,,False,False,,
7,17,588,10,0.11020242422819138,0.9661016949152542,0.22405383735895157,0.940677966101695,0.8363289175319251,0.8061632386790246,0.8061632386790246,0.30000000000000004,"{""0"": 0.8235294117647058, ""1"": 1.0, ""2"": 0.8888888888888888, ""3"": 0.9333333333333333, ""4"": 1.0, ""5"": 0.96, ""6"": 0.9830508474576272, ""7"": 0.0, ""8"": 0.6666666666666666, ""9"": 0.0}","{""0"": 1.0, ""1"": 1.0, ""2"": 0.8888888888888888, ""3"": 0.875, ""4"": 1.0, ""5"": 0.9230769230769231, ""6"": 0.9666666666666667, ""7"": 0.0, ""8"": 0.6, ""9"": 0.0}","{""0"": 0.7, ""1"": 1.0, ""2"": 0.8888888888888888, ""3"": 1.0, ""4"": 1.0, ""5"": 1.0, ""6"": 1.0, ""7"": 0.0, ""8"": 0.75, ""9"": 0.0}","[[7.0, 0.0, 1.0, 0.0, 0.0, 2.0, 0.0, 0.0, 0.0, 0.0], [0.0, 8.0, 0.0, 0.0, 0.0, 0.0, 0.0, 0.0, 0.0, 0.0], [0.0, 0.0, 8.0, 0.0, 0.0, 0.0, 1.0, 0.0, 0.0, 0.0], [0.0, 0.0, 0.0, 7.0, 0.0, 0.0, 0.0, 0.0, 0.0, 0.0], [0.0, 0.0, 0.0, 0.0, 25.0, 0.0, 0.0, 0.0, 0.0, 0.0], [0.0, 0.0, 0.0, 0.0, 0.0, 24.0, 0.0, 0.0, 0.0, 0.0], [0.0, 0.0, 0.0, 0.0, 0.0, 0.0, 29.0, 0.0, 0.0, 0.0], [0.0, 0.0, 0.0, 0.0, 0.0, 0.0, 0.0, 0.0, 2.0, 0.0], [0.0, 0.0, 0.0, 1.0, 0.0, 0.0, 0.0, 0.0, 3.0, 0.0], [0.0, 0.0, 0.0, 0.0, 0.0, 0.0, 0.0, 0.0, 0.0, 0.0]]","[[0.7, 0.0, 0.1, 0.0, 0.0, 0.2, 0.0, 0.0, 0.0, 0.0], [0.0, 1.0, 0.0, 0.0, 0.0, 0.0, 0.0, 0.0, 0.0, 0.0], [0.0, 0.0, 0.8888888888888888, 0.0, 0.0, 0.0, 0.1111111111111111, 0.0, 0.0, 0.0], [0.0, 0.0, 0.0, 1.0, 0.0, 0.0, 0.0, 0.0, 0.0, 0.0], [0.0, 0.0, 0.0, 0.0, 1.0, 0.0, 0.0, 0.0, 0.0, 0.0], [0.0, 0.0, 0.0, 0.0, 0.0, 1.0, 0.0, 0.0, 0.0, 0.0], [0.0, 0.0, 0.0, 0.0, 0.0, 0.0, 1.0, 0.0, 0.0, 0.0], [0.0, 0.0, 0.0, 0.0, 0.0, 0.0, 0.0, 0.0, 1.0, 0.0], [0.0, 0.0, 0.0, 0.25, 0.0, 0.0, 0.0, 0.0, 0.75, 0.0], [0.0, 0.0, 0.0, 0.0, 0.0, 0.0, 0.0, 0.0, 0.0, 0.0]]","[""BENIGN"", ""FTP-PATATOR"", ""DOS GOLDENEYE"", ""SSH-PATATOR"", ""DDOS"", ""PORTSCAN"", ""DOS HULK"", ""WEB ATTACK \ufffd XSS"", ""WEB ATTACK \ufffd BRUTE FORCE"", ""WEB ATTACK \ufffd SQL INJECTION""]",0.1,0.9919506906509532,0.9201365113258362,0.9569377990430622,0.1,0.9201365113258362,,14.45375860835849,14.768106511913398,1.9040665470421514,190.40665564845224,100.55487499630544,1,0.01,64,,,,,,,,,,,,False,False,,
7,18,588,10,0.10962610691785812,0.9576271186440678,0.4215284138917923,0.8898305084745762,0.8245298119247699,0.7715404865649964,0.7715404865649964,0.30000000000000004,"{""0"": 0.8235294117647058, ""1"": 1.0, ""2"": 0.8235294117647058, ""3"": 0.875, ""4"": 0.8888888888888888, ""5"": 0.96, ""6"": 0.90625, ""7"": 0.0, ""8"": 0.6666666666666666, ""9"": 0.0}","{""0"": 1.0, ""1"": 1.0, ""2"": 0.875, ""3"": 0.7777777777777778, ""4"": 1.0, ""5"": 0.9230769230769231, ""6"": 0.8285714285714286, ""7"": 0.0, ""8"": 0.6, ""9"": 0.0}","{""0"": 0.7, ""1"": 1.0, ""2"": 0.7777777777777778, ""3"": 1.0, ""4"": 0.8, ""5"": 1.0, ""6"": 1.0, ""7"": 0.0, ""8"": 0.75, ""9"": 0.0}","[[7.0, 0.0, 1.0, 0.0, 0.0, 2.0, 0.0, 0.0, 0.0, 0.0], [0.0, 8.0, 0.0, 0.0, 0.0, 0.0, 0.0, 0.0, 0.0, 0.0], [0.0, 0.0, 7.0, 1.0, 0.0, 0.0, 1.0, 0.0, 0.0, 0.0], [0.0, 0.0, 0.0, 7.0, 0.0, 0.0, 0.0, 0.0, 0.0, 0.0], [0.0, 0.0, 0.0, 0.0, 20.0, 0.0, 5.0, 0.0, 0.0, 0.0], [0.0, 0.0, 0.0, 0.0, 0.0, 24.0, 0.0, 0.0, 0.0, 0.0], [0.0, 0.0, 0.0, 0.0, 0.0, 0.0, 29.0, 0.0, 0.0, 0.0], [0.0, 0.0, 0.0, 0.0, 0.0, 0.0, 0.0, 0.0, 2.0, 0.0], [0.0, 0.0, 0.0, 1.0, 0.0, 0.0, 0.0, 0.0, 3.0, 0.0], [0.0, 0.0, 0.0, 0.0, 0.0, 0.0, 0.0, 0.0, 0.0, 0.0]]","[[0.7, 0.0, 0.1, 0.0, 0.0, 0.2, 0.0, 0.0, 0.0, 0.0], [0.0, 1.0, 0.0, 0.0, 0.0, 0.0, 0.0, 0.0, 0.0, 0.0], [0.0, 0.0, 0.7777777777777778, 0.1111111111111111, 0.0, 0.0, 0.1111111111111111, 0.0, 0.0, 0.0], [0.0, 0.0, 0.0, 1.0, 0.0, 0.0, 0.0, 0.0, 0.0, 0.0], [0.0, 0.0, 0.0, 0.0, 0.8, 0.0, 0.2, 0.0, 0.0, 0.0], [0.0, 0.0, 0.0, 0.0, 0.0, 1.0, 0.0, 0.0, 0.0, 0.0], [0.0, 0.0, 0.0, 0.0, 0.0, 0.0, 1.0, 0.0, 0.0, 0.0], [0.0, 0.0, 0.0, 0.0, 0.0, 0.0, 0.0, 0.0, 1.0, 0.0], [0.0, 0.0, 0.0, 0.25, 0.0, 0.0, 0.0, 0.0, 0.75, 0.0], [0.0, 0.0, 0.0, 0.0, 0.0, 0.0, 0.0, 0.0, 0.0, 0.0]]","[""BENIGN"", ""FTP-PATATOR"", ""DOS GOLDENEYE"", ""SSH-PATATOR"", ""DDOS"", ""PORTSCAN"", ""DOS HULK"", ""WEB ATTACK \ufffd XSS"", ""WEB ATTACK \ufffd BRUTE FORCE"", ""WEB ATTACK \ufffd SQL INJECTION""]",0.1,0.9876995246197289,0.8789882063865662,0.9813084112149533,0.1,0.8789882063865662,,14.69312290902439,14.920097704092402,1.474001775960149,147.40018116320033,79.96437499241438,1,0.01,64,,,,,,,,,,,,False,False,,
7,19,588,10,0.11957988515496254,0.9576271186440678,0.2063952460885048,0.940677966101695,0.8233114883380253,0.7963344597098099,0.7963344597098099,0.30000000000000004,"{""0"": 0.8235294117647058, ""1"": 1.0, ""2"": 0.8888888888888888, ""3"": 0.875, ""4"": 1.0, ""5"": 0.9795918367346939, ""6"": 1.0, ""7"": 0.0, ""8"": 0.6, ""9"": 0.0}","{""0"": 1.0, ""1"": 1.0, ""2"": 0.8888888888888888, ""3"": 0.7777777777777778, ""4"": 1.0, ""5"": 0.96, ""6"": 1.0, ""7"": 0.0, ""8"": 0.5, ""9"": 0.0}","{""0"": 0.7, ""1"": 1.0, ""2"": 0.8888888888888888, ""3"": 1.0, ""4"": 1.0, ""5"": 1.0, ""6"": 1.0, ""7"": 0.0, ""8"": 0.75, ""9"": 0.0}","[[7.0, 0.0, 1.0, 0.0, 0.0, 1.0, 0.0, 0.0, 1.0, 0.0], [0.0, 8.0, 0.0, 0.0, 0.0, 0.0, 0.0, 0.0, 0.0, 0.0], [0.0, 0.0, 8.0, 1.0, 0.0, 0.0, 0.0, 0.0, 0.0, 0.0], [0.0, 0.0, 0.0, 7.0, 0.0, 0.0, 0.0, 0.0, 0.0, 0.0], [0.0, 0.0, 0.0, 0.0, 25.0, 0.0, 0.0, 0.0, 0.0, 0.0], [0.0, 0.0, 0.0, 0.0, 0.0, 24.0, 0.0, 0.0, 0.0, 0.0], [0.0, 0.0, 0.0, 0.0, 0.0, 0.0, 29.0, 0.0, 0.0, 0.0], [0.0, 0.0, 0.0, 0.0, 0.0, 0.0, 0.0, 0.0, 2.0, 0.0], [0.0, 0.0, 0.0, 1.0, 0.0, 0.0, 0.0, 0.0, 3.0, 0.0], [0.0, 0.0, 0.0, 0.0, 0.0, 0.0, 0.0, 0.0, 0.0, 0.0]]","[[0.7, 0.0, 0.1, 0.0, 0.0, 0.1, 0.0, 0.0, 0.1, 0.0], [0.0, 1.0, 0.0, 0.0, 0.0, 0.0, 0.0, 0.0, 0.0, 0.0], [0.0, 0.0, 0.8888888888888888, 0.1111111111111111, 0.0, 0.0, 0.0, 0.0, 0.0, 0.0], [0.0, 0.0, 0.0, 1.0, 0.0, 0.0, 0.0, 0.0, 0.0, 0.0], [0.0, 0.0, 0.0, 0.0, 1.0, 0.0, 0.0, 0.0, 0.0, 0.0], [0.0, 0.0, 0.0, 0.0, 0.0, 1.0, 0.0, 0.0, 0.0, 0.0], [0.0, 0.0, 0.0, 0.0, 0.0, 0.0, 1.0, 0.0, 0.0, 0.0], [0.0, 0.0, 0.0, 0.0, 0.0, 0.0, 0.0, 0.0, 1.0, 0.0], [0.0, 0.0, 0.0, 0.25, 0.0, 0.0, 0.0, 0.0, 0.75, 0.0], [0.0, 0.0, 0.0, 0.0, 0.0, 0.0, 0.0, 0.0, 0.0, 0.0]]","[""BENIGN"", ""FTP-PATATOR"", ""DOS GOLDENEYE"", ""SSH-PATATOR"", ""DDOS"", ""PORTSCAN"", ""DOS HULK"", ""WEB ATTACK \ufffd XSS"", ""WEB ATTACK \ufffd BRUTE FORCE"", ""WEB ATTACK \ufffd SQL INJECTION""]",0.0,0.9914993388494282,0.9998794794082642,0.5695364238410596,0.0,0.9998794794082642,,14.924778203498313,15.178772153168284,1.6370283126558933,163.70283654935676,72.73699999495875,1,0.01,64,,,,,,,,,,,,False,False,,
7,20,588,10,0.10162440687417984,0.9661016949152542,0.27005676180124283,0.9322033898305084,0.8378883717229582,0.7931598565352067,0.7931598565352067,0.30000000000000004,"{""0"": 0.8235294117647058, ""1"": 1.0, ""2"": 0.8888888888888888, ""3"": 0.875, ""4"": 1.0, ""5"": 0.9795918367346939, ""6"": 1.0, ""7"": 0.5714285714285714, ""8"": 0.0, ""9"": 0.0}","{""0"": 1.0, ""1"": 1.0, ""2"": 0.8888888888888888, ""3"": 0.7777777777777778, ""4"": 1.0, ""5"": 0.96, ""6"": 1.0, ""7"": 0.4, ""8"": 0.0, ""9"": 0.0}","{""0"": 0.7, ""1"": 1.0, ""2"": 0.8888888888888888, ""3"": 1.0, ""4"": 1.0, ""5"": 1.0, ""6"": 1.0, ""7"": 1.0, ""8"": 0.0, ""9"": 0.0}","[[7.0, 0.0, 1.0, 0.0, 0.0, 1.0, 0.0, 0.0, 1.0, 0.0], [0.0, 8.0, 0.0, 0.0, 0.0, 0.0, 0.0, 0.0, 0.0, 0.0], [0.0, 0.0, 8.0, 1.0, 0.0, 0.0, 0.0, 0.0, 0.0, 0.0], [0.0, 0.0, 0.0, 7.0, 0.0, 0.0, 0.0, 0.0, 0.0, 0.0], [0.0, 0.0, 0.0, 0.0, 25.0, 0.0, 0.0, 0.0, 0.0, 0.0], [0.0, 0.0, 0.0, 0.0, 0.0, 24.0, 0.0, 0.0, 0.0, 0.0], [0.0, 0.0, 0.0, 0.0, 0.0, 0.0, 29.0, 0.0, 0.0, 0.0], [0.0, 0.0, 0.0, 0.0, 0.0, 0.0, 0.0, 2.0, 0.0, 0.0], [0.0, 0.0, 0.0, 1.0, 0.0, 0.0, 0.0, 3.0, 0.0, 0.0], [0.0, 0.0, 0.0, 0.0, 0.0, 0.0, 0.0, 0.0, 0.0, 0.0]]","[[0.7, 0.0, 0.1, 0.0, 0.0, 0.1, 0.0, 0.0, 0.1, 0.0], [0.0, 1.0, 0.0, 0.0, 0.0, 0.0, 0.0, 0.0, 0.0, 0.0], [0.0, 0.0, 0.8888888888888888, 0.1111111111111111, 0.0, 0.0, 0.0, 0.0, 0.0, 0.0], [0.0, 0.0, 0.0, 1.0, 0.0, 0.0, 0.0, 0.0, 0.0, 0.0], [0.0, 0.0, 0.0, 0.0, 1.0, 0.0, 0.0, 0.0, 0.0, 0.0], [0.0, 0.0, 0.0, 0.0, 0.0, 1.0, 0.0, 0.0, 0.0, 0.0], [0.0, 0.0, 0.0, 0.0, 0.0, 0.0, 1.0, 0.0, 0.0, 0.0], [0.0, 0.0, 0.0, 0.0, 0.0, 0.0, 0.0, 1.0, 0.0, 0.0], [0.0, 0.0, 0.0, 0.25, 0.0, 0.0, 0.0, 0.75, 0.0, 0.0], [0.0, 0.0, 0.0, 0.0, 0.0, 0.0, 0.0, 0.0, 0.0, 0.0]]","[""BENIGN"", ""FTP-PATATOR"", ""DOS GOLDENEYE"", ""SSH-PATATOR"", ""DDOS"", ""PORTSCAN"", ""DOS HULK"", ""WEB ATTACK \ufffd XSS"", ""WEB ATTACK \ufffd BRUTE FORCE"", ""WEB ATTACK \ufffd SQL INJECTION""]",0.2,0.987065074441349,0.7876144647598267,0.9908256880733946,0.2,0.7876144647598267,,15.162997889894198,15.45536540572037,1.8015214079419235,180.1521466015334,83.66395899793133,1,0.01,64,,,,,,,,,,,,False,False,,
