client_id,round,dataset_size,n_classes,loss_before,acc_before,loss_after,acc_after,macro_f1_before,macro_f1_after,macro_f1_argmax,benign_fpr_argmax,f1_per_class_after,precision_per_class,recall_per_class,fpr_after,pr_auc_after,threshold_tau,f1_bin_tau,benign_fpr_bin_tau,tau_bin,seed,weight_norm_before,weight_norm_after,weight_update_norm,grad_norm_l2,t_fit_ms,epochs_completed,lr,batch_size,macro_f1_global,macro_f1_personalized,benign_fpr_global,benign_fpr_personalized,personalization_gain,dp_epsilon,dp_delta,dp_sigma,dp_clip_norm,dp_sample_rate,dp_total_steps,dp_enabled,secure_aggregation,secure_aggregation_seed,secure_aggregation_mask_checksum
0,1,6025,2,0.6549578936476457,0.7136929460580913,0.010652980522105568,1.0,0.4247684752784316,1.0,1.0,0.0,"{""0"": 1.0, ""1"": 1.0}","{""0"": 1.0, ""1"": 1.0}","{""0"": 1.0, ""1"": 1.0}",0.08944954128440367,1.0,0.0234106183052063,0.8951612903225806,0.08944954128440367,0.0234106183052063,,5.793964834821723,6.871039469980557,3.3103129975841408,331.03130171744897,2305.620667000767,1,0.01,64,,,,,,,,,,,,False,False,,
0,2,6025,2,0.07126466439742792,0.9975103734439834,0.0070595338229874245,0.9991701244813278,0.9968905392398466,0.9989615873494625,0.9989615873494625,0.0,"{""0"": 0.9994269340974212, ""1"": 0.9984962406015038}","{""0"": 0.9988545246277205, ""1"": 1.0}","{""0"": 1.0, ""1"": 0.996996996996997}",0.12155963302752294,1.0,0.002302110195159912,0.8626943005181347,0.12155963302752294,0.002302110195159912,,6.482278415825743,7.424422917453448,2.669998216078289,266.9998366108941,434.93116699391976,1,0.01,64,,,,,,,,,,,,False,False,,
0,3,6025,2,0.004702336743081871,0.9991701244813278,0.014273337094652417,0.9941908713692946,0.9989615873494625,0.992771253671149,0.992771253671149,0.006880733944954143,"{""0"": 0.9959746981023577, ""1"": 0.9895678092399404}","{""0"": 0.9988465974625144, ""1"": 0.9822485207100592}","{""0"": 0.9931192660550459, ""1"": 0.996996996996997}",0.125,0.9998260052746905,0.00105363130569458,0.8593548387096774,0.125,0.00105363130569458,,6.9255357592299625,7.637130193529274,2.3303234757769458,233.03235347568898,399.614833004307,1,0.01,64,,,,,,,,,,,,False,False,,
0,4,6025,2,0.0012149762049758512,1.0,0.006205972896790818,0.995850622406639,1.0,0.9948175653997442,0.9948175653997442,0.0034403669724770714,"{""0"": 0.9971313826735514, ""1"": 0.992503748125937}","{""0"": 0.9977037887485649, ""1"": 0.9910179640718563}","{""0"": 0.9965596330275229, ""1"": 0.993993993993994}",0.09518348623853211,0.9999282588549094,0.0027716755867004395,0.8891855807743658,0.09518348623853211,0.0027716755867004395,,7.180232277070393,7.669396121489159,1.9199358846553116,191.99358327270926,399.9727499904111,1,0.01,64,,,,,,,,,,,,False,False,,
0,5,6025,2,0.0004701595500687529,1.0,0.006921314582110713,0.9983402489626556,1.0,0.9979212382174747,0.9979212382174747,0.0,"{""0"": 0.9988545246277205, ""1"": 0.9969879518072289}","{""0"": 0.9977116704805492, ""1"": 1.0}","{""0"": 1.0, ""1"": 0.993993993993994}",0.11811926605504587,0.9999381734675854,0.000425875186920166,0.8660598179453837,0.11811926605504587,0.000425875186920166,,7.3394663920803636,7.756190739125925,1.5719719552035767,157.1971970541843,394.82058299472556,1,0.01,64,,,,,,,,,,,,False,False,,
0,6,6025,2,0.0013180948567184572,0.9991701244813278,0.003986265770723357,0.9975103734439834,0.9989615873494625,0.996878941792912,0.996878941792912,0.0,"{""0"": 0.998282770463652, ""1"": 0.995475113122172}","{""0"": 0.9965714285714286, ""1"": 1.0}","{""0"": 1.0, ""1"": 0.990990990990991}",0.07110091743119266,0.9999729457562406,0.0015576481819152832,0.9148351648351648,0.07110091743119266,0.0015576481819152832,,7.495402160719192,7.857347706144337,1.6913589887104763,169.13590178113643,423.51533300825395,1,0.01,64,,,,,,,,,,,,False,False,,
0,7,6025,2,0.0004196599842735419,1.0,0.00586606782790592,0.9975103734439834,1.0,0.9968962737254761,0.9968962737254761,0.0034403669724770714,"{""0"": 0.9982768523836876, ""1"": 0.9955156950672646}","{""0"": 1.0, ""1"": 0.9910714285714286}","{""0"": 0.9965596330275229, ""1"": 1.0}",0.10206422018348624,1.0,0.00015652179718017578,0.8821192052980132,0.10206422018348624,0.00015652179718017578,,7.63745107700448,7.685267631663634,0.41261834122367735,41.26183494949483,389.32516699424013,1,0.01,64,,,,,,,,,,,,False,False,,
0,8,6025,2,0.0006689087979458762,1.0,0.00192806670020218,0.9991701244813278,1.0,0.9989615873494625,0.9989615873494625,0.0,"{""0"": 0.9994269340974212, ""1"": 0.9984962406015038}","{""0"": 0.9988545246277205, ""1"": 1.0}","{""0"": 1.0, ""1"": 0.996996996996997}",0.15825688073394495,0.9999999999999999,3.731250762939453e-05,0.8283582089552238,0.15825688073394495,3.731250762939453e-05,,7.692881500687456,7.885779159742671,0.945964076863991,94.59640866296628,405.02516701235436,1,0.01,64,,,,,,,,,,,,False,False,,
0,9,6025,2,0.00017348582485666206,1.0,0.005635171069690459,0.9983402489626556,1.0,0.9979212382174747,0.9979212382174747,0.0,"{""0"": 0.9988545246277205, ""1"": 0.9969879518072289}","{""0"": 0.9977116704805492, ""1"": 1.0}","{""0"": 1.0, ""1"": 0.993993993993994}",0.12041284403669725,0.9999910089730447,5.2809715270996094e-05,0.8638132295719845,0.12041284403669725,5.2809715270996094e-05,,7.738979758192508,7.850441830756541,0.5640177031911087,56.40177092306544,390.64075000351295,1,0.01,64,,,,,,,,,,,,False,False,,
0,10,6025,2,7.820323451979723e-05,1.0,7.563438789235845e-05,1.0,1.0,1.0,1.0,0.0,"{""0"": 1.0, ""1"": 1.0}","{""0"": 1.0, ""1"": 1.0}","{""0"": 1.0, ""1"": 1.0}",0.10779816513761468,0.9999999999999999,7.140636444091797e-05,0.8763157894736842,0.10779816513761468,7.140636444091797e-05,,7.801315672070004,7.8257727778267885,0.26913105059140796,26.91310624194143,393.4196670015808,1,0.01,64,,,,,,,,,,,,False,False,,
0,11,6025,2,0.00048291390167402203,1.0,8.754657947544107e-05,1.0,1.0,1.0,1.0,0.0,"{""0"": 1.0, ""1"": 1.0}","{""0"": 1.0, ""1"": 1.0}","{""0"": 1.0, ""1"": 1.0}",0.12041284403669725,1.0,7.653236389160156e-05,0.8638132295719845,0.12041284403669725,7.653236389160156e-05,,7.864953285899001,7.883006836156335,0.23362794938238263,23.36279553675619,395.58087501791306,1,0.01,64,,,,,,,,,,,,False,False,,
0,12,6025,2,0.00027364164098368126,1.0,0.027717001249057877,0.9975103734439834,1.0,0.9968962737254761,0.9968962737254761,0.0034403669724770714,"{""0"": 0.9982768523836876, ""1"": 0.9955156950672646}","{""0"": 1.0, ""1"": 0.9910714285714286}","{""0"": 0.9965596330275229, ""1"": 1.0}",0.11353211009174312,0.9977136305627078,0.000390470027923584,0.8705882352941177,0.11353211009174312,0.000390470027923584,,7.944164519638191,8.184090562821336,1.0406076314374526,104.06076389273575,392.61129099759273,1,0.01,64,,,,,,,,,,,,False,False,,
0,13,6025,2,5.8143034709102815e-05,1.0,0.018637058545688267,0.9925311203319502,1.0,0.9906542861451624,0.9906542861451624,0.004587155963302725,"{""0"": 0.9948424068767908, ""1"": 0.9864661654135338}","{""0"": 0.9942726231386025, ""1"": 0.9879518072289156}","{""0"": 0.9954128440366973, ""1"": 0.984984984984985}",0.0860091743119266,0.9996974686211688,5.2094459533691406e-05,0.8987854251012146,0.0860091743119266,5.2094459533691406e-05,,7.985320708154703,8.243238305502178,1.575131717466875,157.51317592677438,411.7228749964852,1,0.01,64,,,,,,,,,,,,False,False,,
0,14,6025,2,0.00010018721590504835,1.0,9.00176244996194e-05,1.0,1.0,1.0,1.0,0.0,"{""0"": 1.0, ""1"": 1.0}","{""0"": 1.0, ""1"": 1.0}","{""0"": 1.0, ""1"": 1.0}",0.09059633027522936,0.9999999999999999,3.898143768310547e-05,0.8939597315436242,0.09059633027522936,3.898143768310547e-05,,8.066302202883753,8.072925634097174,0.046701408945488805,4.670140998071766,387.35208398429677,1,0.01,64,,,,,,,,,,,,False,False,,
0,15,6025,2,9.898207204777894e-05,1.0,0.00048129913461468135,1.0,1.0,1.0,1.0,0.0,"{""0"": 1.0, ""1"": 1.0}","{""0"": 1.0, ""1"": 1.0}","{""0"": 1.0, ""1"": 1.0}",0.10779816513761468,0.9999999999999999,0.00012946128845214844,0.8763157894736842,0.10779816513761468,0.00012946128845214844,,8.112432443148476,8.246747324633896,0.8128710498284833,81.28710745019058,428.6198749905452,1,0.01,64,,,,,,,,,,,,False,False,,
0,16,6025,2,0.00012569731858859181,1.0,0.015299568462835037,0.9933609958506224,1.0,0.9916378676215458,0.9916378676215458,0.0,"{""0"": 0.9954337899543378, ""1"": 0.9878419452887538}","{""0"": 0.990909090909091, ""1"": 1.0}","{""0"": 1.0, ""1"": 0.975975975975976}",0.10091743119266056,0.9999820716238627,5.0067901611328125e-06,0.883289124668435,0.10091743119266056,5.0067901611328125e-06,,8.342280609647624,8.403198001022423,0.9513439811895573,95.13440185964768,388.87620900641195,1,0.01,64,,,,,,,,,,,,False,False,,
0,17,6025,2,0.0013293157730674323,1.0,4.6426623444667235e-05,1.0,1.0,1.0,1.0,0.0,"{""0"": 1.0, ""1"": 1.0}","{""0"": 1.0, ""1"": 1.0}","{""0"": 1.0, ""1"": 1.0}",0.1158256880733945,1.0,1.0251998901367188e-05,0.8683181225554107,0.1158256880733945,1.0251998901367188e-05,,8.452402328620453,8.455556163207792,0.21775127144800355,21.775127139333478,407.60058400337584,1,0.01,64,,,,,,,,,,,,False,False,,
0,18,6025,2,0.0007769593833616359,1.0,6.75832204586569e-05,1.0,1.0,1.0,1.0,0.0,"{""0"": 1.0, ""1"": 1.0}","{""0"": 1.0, ""1"": 1.0}","{""0"": 1.0, ""1"": 1.0}",0.10091743119266056,1.0,3.2067298889160156e-05,0.883289124668435,0.10091743119266056,3.2067298889160156e-05,,8.481548320944132,8.479570218798841,0.15957865388060724,15.957865253596232,379.55437501659617,1,0.01,64,,,,,,,,,,,,False,False,,
0,19,6025,2,0.00016092804741531022,1.0,2.7070103179108917e-05,1.0,1.0,1.0,1.0,0.0,"{""0"": 1.0, ""1"": 1.0}","{""0"": 1.0, ""1"": 1.0}","{""0"": 1.0, ""1"": 1.0}",0.09862385321100918,1.0,2.0384788513183594e-05,0.8856382978723404,0.09862385321100918,2.0384788513183594e-05,,8.515610930448686,8.521290795111994,0.10665968652864682,10.665969345238254,386.5249170048628,1,0.01,64,,,,,,,,,,,,False,False,,
0,20,6025,2,7.946921821138331e-05,1.0,0.0005533450057555456,1.0,1.0,1.0,1.0,0.0,"{""0"": 1.0, ""1"": 1.0}","{""0"": 1.0, ""1"": 1.0}","{""0"": 1.0, ""1"": 1.0}",0.11123853211009174,1.0,1.2159347534179688e-05,0.872870249017038,0.11123853211009174,1.2159347534179688e-05,,8.553377676056233,8.559920954499386,0.15567009246212052,15.567009387542782,379.73291700473055,1,0.01,64,,,,,,,,,,,,False,False,,
0,1,19370,2,0.6398344010603233,0.8185338151781105,0.01557868096183558,0.9981930820856996,0.45704815932359844,0.9966548851222321,0.9966548851222321,0.00030788177339902134,"{""0"": 0.9989232425780649, ""1"": 0.9943865276663993}","{""0"": 0.9981555487242545, ""1"": 0.998389694041868}","{""0"": 0.999692118226601, ""1"": 0.9904153354632588}",0.10314039408866996,0.9958369967951665,0.007671535015106201,0.7866161616161617,0.10314039408866996,0.007671535015106201,,5.793964834821723,6.663116834107058,2.832703967888409,283.2704051900773,2031.5653329889756,1,0.01,64,,,,,,,,,,,,False,False,,
0,2,19370,2,0.049866105078673756,0.999225606608157,0.004525718890840463,0.9994837377387713,0.9985737628570885,0.9990473370685721,0.9990473370685721,0.00030788177339902134,"{""0"": 0.999692118226601, ""1"": 0.9984025559105432}","{""0"": 0.999692118226601, ""1"": 0.9984025559105432}","{""0"": 0.999692118226601, ""1"": 0.9984025559105432}",0.0917487684729064,0.9999244135215579,0.0011442899703979492,0.807741935483871,0.0917487684729064,0.0011442899703979492,,6.498630693664793,6.921779952206657,1.2141714717850403,121.41714730273443,1057.5982909940649,1,0.01,64,,,,,,,,,,,,False,False,,
0,3,19370,2,0.008089771603050902,0.9981930820856996,0.0019219730151473682,0.9997418688693857,0.9966806415598415,0.9995233611479295,0.9995233611479295,0.0,"{""0"": 0.9998460828074496, ""1"": 0.9992006394884093}","{""0"": 0.9996922129886119, ""1"": 1.0}","{""0"": 1.0, ""1"": 0.9984025559105432}",0.10714285714285714,1.0,0.0008401870727539062,0.7825,0.10714285714285714,0.0008401870727539062,,6.998050436705168,7.382373479878993,1.818465895559721,181.84659319443105,1046.8914579832926,1,0.01,64,,,,,,,,,,,,False,False,,
0,4,19370,2,0.0011490275215006388,1.0,0.00462010948795665,0.9989674754775426,1.0,0.9980995718395202,0.9980995718395202,0.0012315270935960854,"{""0"": 0.9993838570548367, ""1"": 0.9968152866242038}","{""0"": 1.0, ""1"": 0.9936507936507937}","{""0"": 0.9987684729064039, ""1"": 1.0}",0.10837438423645321,0.9996828359962916,0.000417172908782959,0.7805486284289277,0.10837438423645321,0.000417172908782959,,7.241637592903543,7.402000778627046,0.7601257988350166,76.0125833684975,1076.99158298783,1,0.01,64,,,,,,,,,,,,False,False,,
0,5,19370,2,0.0052645181553327616,0.9997418688693857,0.001952729082404403,0.9997418688693857,0.999523975407444,0.999523975407444,0.999523975407444,0.00030788177339902134,"{""0"": 0.9998460354118552, ""1"": 0.9992019154030327}","{""0"": 1.0, ""1"": 0.9984051036682615}","{""0"": 0.999692118226601, ""1"": 1.0}",0.10437192118226601,0.9999923445041197,0.00019210577011108398,0.7869264613450659,0.10437192118226601,0.00019210577011108398,,7.435273171195274,7.6631591002684685,0.7260491521616552,72.6049163254703,1045.8232080272865,1,0.01,64,,,,,,,,,,,,False,False,,
0,6,19370,2,0.0005403165063786427,1.0,0.0009046790135053911,0.9994837377387713,1.0,0.9990473370685721,0.9990473370685721,0.00030788177339902134,"{""0"": 0.999692118226601, ""1"": 0.9984025559105432}","{""0"": 0.999692118226601, ""1"": 0.9984025559105432}","{""0"": 0.999692118226601, ""1"": 0.9984025559105432}",0.10190886699507389,0.9999974522422815,0.00016558170318603516,0.7909033480732786,0.10190886699507389,0.00016558170318603516,,7.6252630349133,7.685380872802249,0.4745050801862629,47.45050875900509,1147.04066698323,1,0.01,64,,,,,,,,,,,,False,False,,
0,7,19370,2,0.000864534558309433,0.9997418688693857,0.00011397238410952058,1.0,0.999523975407444,1.0,1.0,0.0,"{""0"": 1.0, ""1"": 1.0}","{""0"": 1.0, ""1"": 1.0}","{""0"": 1.0, ""1"": 1.0}",0.09944581280788177,1.0,0.00011515617370605469,0.7949206349206349,0.09944581280788177,0.00011515617370605469,,7.673063616100052,7.726314948603121,0.37583635534407694,37.58363675496585,1073.6029589897953,1,0.01,64,,,,,,,,,,,,False,False,,
0,8,19370,2,0.003622044805345721,0.9997418688693857,0.005882731375781166,0.999225606608157,0.999523975407444,0.9985700834437883,0.9985700834437883,0.00030788177339902134,"{""0"": 0.9995382484223487, ""1"": 0.9976019184652278}","{""0"": 0.9993844259772238, ""1"": 0.9984}","{""0"": 0.999692118226601, ""1"": 0.9968051118210862}",0.10406403940886699,0.9988476535118048,3.337860107421875e-05,0.7866582756450597,0.10406403940886699,3.337860107421875e-05,,7.733592174149131,8.1181636364268,1.6016421359495283,160.16422322444146,1050.2836670202669,1,0.01,64,,,,,,,,,,,,False,False,,
0,9,19370,2,0.002431135452618454,0.9997418688693857,0.005814203345879996,0.9989674754775426,0.999523975407444,0.9980995718395202,0.9980995718395202,0.0012315270935960854,"{""0"": 0.9993838570548367, ""1"": 0.9968152866242038}","{""0"": 1.0, ""1"": 0.9936507936507937}","{""0"": 0.9987684729064039, ""1"": 1.0}",0.10775862068965517,0.9952244881321352,0.00030481815338134766,0.7815230961298377,0.10775862068965517,0.00030481815338134766,,7.865933723111409,7.907637098977803,0.5307410781430003,53.074108152582426,1088.6285829765256,1,0.01,64,,,,,,,,,,,,False,False,,
0,10,19370,2,0.0003325437409345244,1.0,0.004109445634237433,0.999225606608157,1.0,0.9985737628570885,0.9985737628570885,0.000923645320197064,"{""0"": 0.999537963961189, ""1"": 0.9976095617529881}","{""0"": 1.0, ""1"": 0.9952305246422893}","{""0"": 0.9990763546798029, ""1"": 1.0}",0.10160098522167488,0.9998110671388706,0.00022453069686889648,0.7914032869785083,0.10160098522167488,0.00022453069686889648,,7.936984835121249,8.013975910622454,0.43368825939317623,43.3688280306921,1215.0700829806738,1,0.01,64,,,,,,,,,,,,False,False,,
0,11,19370,2,0.00032585625382632657,1.0,0.00011993123105818742,1.0,1.0,1.0,1.0,0.0,"{""0"": 1.0, ""1"": 1.0}","{""0"": 1.0, ""1"": 1.0}","{""0"": 1.0, ""1"": 1.0}",0.09020935960591132,1.0,0.00013637542724609375,0.8103559870550162,0.09020935960591132,0.00013637542724609375,,8.067501755220746,8.092389720585757,0.15114102864207538,15.11410377455003,1061.441832978744,1,0.01,64,,,,,,,,,,,,False,False,,
0,12,19370,2,0.0001766155993343583,1.0,8.844685496606856e-05,1.0,1.0,1.0,1.0,0.0,"{""0"": 1.0, ""1"": 1.0}","{""0"": 1.0, ""1"": 1.0}","{""0"": 1.0, ""1"": 1.0}",0.0895935960591133,1.0,8.606910705566406e-05,0.8114063512637719,0.0895935960591133,8.606910705566406e-05,,8.10159079824718,8.12218673629951,0.16726963536428377,16.72696406289096,1118.8909169868566,1,0.01,64,,,,,,,,,,,,False,False,,
0,13,19370,2,0.00011169722869245099,1.0,4.625478027637506e-05,1.0,1.0,1.0,1.0,0.0,"{""0"": 1.0, ""1"": 1.0}","{""0"": 1.0, ""1"": 1.0}","{""0"": 1.0, ""1"": 1.0}",0.10868226600985222,1.0,5.6743621826171875e-05,0.7800623052959501,0.10868226600985222,5.6743621826171875e-05,,8.171373804502196,8.23140265896909,0.42100599450533477,42.100600022969324,1097.4067499919329,1,0.01,64,,,,,,,,,,,,False,False,,
0,14,19370,2,3.7157823588459594e-05,1.0,3.494762730966971e-05,1.0,1.0,1.0,1.0,0.0,"{""0"": 1.0, ""1"": 1.0}","{""0"": 1.0, ""1"": 1.0}","{""0"": 1.0, ""1"": 1.0}",0.09236453201970443,1.0,2.7418136596679688e-05,0.8067010309278351,0.09236453201970443,2.7418136596679688e-05,,8.283262334448734,8.299918445624906,0.26787032454326787,26.787033784365413,1027.678125014063,1,0.01,64,,,,,,,,,,,,False,False,,
0,15,19370,2,4.6983551000579846e-05,1.0,0.00044914718813236163,1.0,1.0,1.0,1.0,0.0,"{""0"": 1.0, ""1"": 1.0}","{""0"": 1.0, ""1"": 1.0}","{""0"": 1.0, ""1"": 1.0}",0.09328817733990148,1.0,0.00020521879196166992,0.805144694533762,0.09328817733990148,0.00020521879196166992,,8.334469999661236,8.392572971006839,1.0430596531396334,104.3059670497895,1079.5447080163285,1,0.01,64,,,,,,,,,,,,False,False,,
0,16,19370,2,0.0006771452076538451,1.0,0.00012588594362285697,1.0,1.0,1.0,1.0,0.0,"{""0"": 1.0, ""1"": 1.0}","{""0"": 1.0, ""1"": 1.0}","{""0"": 1.0, ""1"": 1.0}",0.10252463054187193,1.0,3.2901763916015625e-05,0.7899053627760252,0.10252463054187193,3.2901763916015625e-05,,8.350700013835056,8.358272372927578,0.07512882972174119,7.51288289280122,1053.7577909999527,1,0.01,64,,,,,,,,,,,,False,False,,
0,17,19370,2,7.078883604141293e-05,1.0,7.442548018739441e-05,1.0,1.0,1.0,1.0,0.0,"{""0"": 1.0, ""1"": 1.0}","{""0"": 1.0, ""1"": 1.0}","{""0"": 1.0, ""1"": 1.0}",0.09359605911330049,1.0000000000000002,1.5854835510253906e-05,0.8046272493573264,0.09359605911330049,1.5854835510253906e-05,,8.425426064487084,8.440302681245967,0.29490865638695524,29.490866164360998,1056.0041669814382,1,0.01,64,,,,,,,,,,,,False,False,,
0,18,19370,2,0.00012168008746156092,1.0,9.659453195633775e-05,1.0,1.0,1.0,1.0,0.0,"{""0"": 1.0, ""1"": 1.0}","{""0"": 1.0, ""1"": 1.0}","{""0"": 1.0, ""1"": 1.0}",0.09944581280788177,1.0,1.811981201171875e-05,0.7949206349206349,0.09944581280788177,1.811981201171875e-05,,8.451217988454623,8.455817153892838,0.07495832265673481,7.495832247779658,1060.8345000073314,1,0.01,64,,,,,,,,,,,,False,False,,
0,19,19370,2,0.00012628654099362243,1.0,8.505265530730554e-05,1.0,1.0,1.0,1.0,0.0,"{""0"": 1.0, ""1"": 1.0}","{""0"": 1.0, ""1"": 1.0}","{""0"": 1.0, ""1"": 1.0}",0.0914408866995074,1.0,1.3113021850585938e-05,0.8082633957391866,0.0914408866995074,1.3113021850585938e-05,,8.463176839325822,8.47271774846978,0.11375296742754366,11.375296865901934,1045.4258329991717,1,0.01,64,,,,,,,,,,,,False,False,,
0,20,19370,2,0.0006823170751289819,0.9997418688693857,0.006464470796844744,0.9981930820856996,0.999523975407444,0.9966806415598415,0.9966806415598415,0.0021551724137931494,"{""0"": 0.9989212513484358, ""1"": 0.9944400317712471}","{""0"": 1.0, ""1"": 0.9889415481832543}","{""0"": 0.9978448275862069, ""1"": 1.0}",0.0960591133004926,0.9999769225621863,2.872943878173828e-05,0.8005115089514067,0.0960591133004926,2.872943878173828e-05,,8.505076625132054,8.543848565894947,0.37878570170623826,37.87856909173144,1087.3719590017572,1,0.01,64,,,,,,,,,,,,False,False,,
0,1,19370,2,0.6398344010603233,0.8185338151781105,0.01557868096183558,0.9981930820856996,0.45704815932359844,0.9966548851222321,0.9966548851222321,0.00030788177339902134,"{""0"": 0.9989232425780649, ""1"": 0.9943865276663993}","{""0"": 0.9981555487242545, ""1"": 0.998389694041868}","{""0"": 0.999692118226601, ""1"": 0.9904153354632588}",0.10314039408866996,0.9958369967951665,0.007671535015106201,0.7866161616161617,0.10314039408866996,0.007671535015106201,,5.793964834821723,6.663116834107058,2.832703967888409,283.2704051900773,2017.2965000092518,1,0.01,64,,,,,,,,,,,,False,False,,
0,2,19370,2,0.049866105139744085,0.999225606608157,0.004525721465336678,0.9994837377387713,0.9985737628570885,0.9990473370685721,0.9990473370685721,0.00030788177339902134,"{""0"": 0.999692118226601, ""1"": 0.9984025559105432}","{""0"": 0.999692118226601, ""1"": 0.9984025559105432}","{""0"": 0.999692118226601, ""1"": 0.9984025559105432}",0.0917487684729064,0.9999244135215579,0.0011442899703979492,0.807741935483871,0.0917487684729064,0.0011442899703979492,,6.498630695957762,6.921780204285288,1.214171603045386,121.41716164117345,1044.7445410245564,1,0.01,64,,,,,,,,,,,,False,False,,
0,3,19370,2,0.008015557867856543,0.9981930820856996,0.0035827786425036974,0.999225606608157,0.9966806415598415,0.9985682344921945,0.9985682344921945,0.0,"{""0"": 0.9995383905216187, ""1"": 0.9975980784627703}","{""0"": 0.9990772070132267, ""1"": 1.0}","{""0"": 1.0, ""1"": 0.9952076677316294}",0.11268472906403941,1.0,0.0006465315818786621,0.7737948084054388,0.11268472906403941,0.0006465315818786621,,6.997575732915474,7.391544941823771,1.7787066279120662,177.87066090720572,1062.2138750040904,1,0.01,64,,,,,,,,,,,,False,False,,
0,4,19370,2,0.0010411562226315747,1.0,0.00934637713469813,0.9997418688693857,1.0,0.999523975407444,0.999523975407444,0.00030788177339902134,"{""0"": 0.9998460354118552, ""1"": 0.9992019154030327}","{""0"": 1.0, ""1"": 0.9984051036682615}","{""0"": 0.999692118226601, ""1"": 1.0}",0.09913793103448276,0.9903873096488829,0.00027626752853393555,0.795425667090216,0.09913793103448276,0.00027626752853393555,,7.271747826407629,7.570478376371328,1.2449885933984979,124.49886058760906,1003.1965830130503,1,0.01,64,,,,,,,,,,,,False,False,,
0,5,19370,2,0.002284569480670158,0.9997418688693857,0.0003399212542180827,1.0,0.999523975407444,1.0,1.0,0.0,"{""0"": 1.0, ""1"": 1.0}","{""0"": 1.0, ""1"": 1.0}","{""0"": 1.0, ""1"": 1.0}",0.09944581280788177,1.0,0.00040155649185180664,0.7949206349206349,0.09944581280788177,0.00040155649185180664,,7.433804958610951,7.612313244198828,0.8533900420048812,85.33900857812624,1112.75050000404,1,0.01,64,,,,,,,,,,,,False,False,,
0,6,19370,2,0.00032480792371464555,1.0,7.440948636522975e-05,1.0,1.0,1.0,1.0,0.0,"{""0"": 1.0, ""1"": 1.0}","{""0"": 1.0, ""1"": 1.0}","{""0"": 1.0, ""1"": 1.0}",0.09759852216748768,1.0,0.00017899274826049805,0.7979604843849586,0.09759852216748768,0.00017899274826049805,,7.5990985953857,7.806406627227899,0.906312568080928,90.63125579124481,1043.4141660225578,1,0.01,64,,,,,,,,,,,,False,False,,
0,7,19370,2,0.00010733243041494326,1.0,6.388867548027565e-05,1.0,1.0,1.0,1.0,0.0,"{""0"": 1.0, ""1"": 1.0}","{""0"": 1.0, ""1"": 1.0}","{""0"": 1.0, ""1"": 1.0}",0.09944581280788177,1.0,0.00011730194091796875,0.7949206349206349,0.09944581280788177,0.00011730194091796875,,7.698791672538386,7.756923132594482,0.5831533987850789,58.31534046970222,1047.546208021231,1,0.01,64,,,,,,,,,,,,False,False,,
0,8,19370,2,0.00013392826899615132,1.0,5.493046022611899e-05,1.0,1.0,1.0,1.0,0.0,"{""0"": 1.0, ""1"": 1.0}","{""0"": 1.0, ""1"": 1.0}","{""0"": 1.0, ""1"": 1.0}",0.08897783251231527,1.0,9.512901306152344e-05,0.8124594419208306,0.08897783251231527,9.512901306152344e-05,,7.7853454068254475,7.803994564945228,0.12732006804958898,12.732007336645262,1011.4963339874521,1,0.01,64,,,,,,,,,,,,False,False,,
0,9,19370,2,0.00024975499352459325,1.0,0.004489557483361378,0.999225606608157,1.0,0.9985737628570885,0.9985737628570885,0.000923645320197064,"{""0"": 0.999537963961189, ""1"": 0.9976095617529881}","{""0"": 1.0, ""1"": 0.9952305246422893}","{""0"": 0.9990763546798029, ""1"": 1.0}",0.09729064039408868,0.9999949004146628,0.0016150474548339844,0.798469387755102,0.09729064039408868,0.0016150474548339844,,7.916246463643871,8.015118476156715,0.9391975736804933,93.91975658352305,1040.1120420137886,1,0.01,64,,,,,,,,,,,,False,False,,
0,10,19370,2,0.001244566430644033,0.9997418688693857,0.003253988607762263,0.9997418688693857,0.999523975407444,0.999523975407444,0.999523975407444,0.00030788177339902134,"{""0"": 0.9998460354118552, ""1"": 0.9992019154030327}","{""0"": 1.0, ""1"": 0.9984051036682615}","{""0"": 0.999692118226601, ""1"": 1.0}",0.10498768472906404,0.9983179020985018,0.00014865398406982422,0.7859384808537351,0.10498768472906404,0.00014865398406982422,,8.036543184803534,8.073766331496412,0.2861456668536771,28.614566207137596,1056.9282920041587,1,0.01,64,,,,,,,,,,,,False,False,,
0,11,19370,2,0.0012131876834156755,0.9997418688693857,0.00047812652865402805,0.9997418688693857,0.999523975407444,0.999523975407444,0.999523975407444,0.00030788177339902134,"{""0"": 0.9998460354118552, ""1"": 0.9992019154030327}","{""0"": 1.0, ""1"": 0.9984051036682615}","{""0"": 0.999692118226601, ""1"": 1.0}",0.09113300492610837,1.0,7.808208465576172e-05,0.8087855297157622,0.09113300492610837,7.808208465576172e-05,,8.14070944572954,8.157386318794764,0.11996048592375429,11.996049300185655,1036.2235000065994,1,0.01,64,,,,,,,,,,,,False,False,,
0,12,19370,2,0.0005573368476003362,0.9997418688693857,0.00037239269456266973,0.9997418688693857,0.999523975407444,0.999523975407444,0.999523975407444,0.00030788177339902134,"{""0"": 0.9998460354118552, ""1"": 0.9992019154030327}","{""0"": 1.0, ""1"": 0.9984051036682615}","{""0"": 0.999692118226601, ""1"": 1.0}",0.09205665024630542,1.0,9.572505950927734e-05,0.8072211476466795,0.09205665024630542,9.572505950927734e-05,,8.187080836099597,8.231617123637658,0.2235729527139893,22.357294320383893,1043.9321660087444,1,0.01,64,,,,,,,,,,,,False,False,,
0,13,19370,2,0.001004962464157572,0.9997418688693857,0.0006563850994530557,0.9997418688693857,0.999523975407444,0.999523975407444,0.999523975407444,0.00030788177339902134,"{""0"": 0.9998460354118552, ""1"": 0.9992019154030327}","{""0"": 1.0, ""1"": 0.9984051036682615}","{""0"": 0.999692118226601, ""1"": 1.0}",0.10775862068965517,1.0,8.296966552734375e-05,0.7815230961298377,0.10775862068965517,8.296966552734375e-05,,8.256574947680972,8.401995320707217,0.8166220030676105,81.66219696217588,1027.6273339986801,1,0.01,64,,,,,,,,,,,,False,False,,
0,14,19370,2,0.00027688396507759625,1.0,0.0004996914452871739,0.9997418688693857,1.0,0.999523975407444,0.999523975407444,0.00030788177339902134,"{""0"": 0.9998460354118552, ""1"": 0.9992019154030327}","{""0"": 1.0, ""1"": 0.9984051036682615}","{""0"": 0.999692118226601, ""1"": 1.0}",0.09482758620689655,1.0,5.936622619628906e-05,0.8025641025641026,0.09482758620689655,5.936622619628906e-05,,8.317419060499,8.332663235904736,0.15532134810753143,15.53213485887373,995.8039999764878,1,0.01,64,,,,,,,,,,,,False,False,,
0,15,19370,2,0.00018389561511390103,1.0,0.0006171845248661798,0.9997418688693857,1.0,0.9995233611479295,0.9995233611479295,0.0,"{""0"": 0.9998460828074496, ""1"": 0.9992006394884093}","{""0"": 0.9996922129886119, ""1"": 1.0}","{""0"": 1.0, ""1"": 0.9984025559105432}",0.09113300492610837,0.9999999999999999,6.151199340820312e-05,0.8087855297157622,0.09113300492610837,6.151199340820312e-05,,8.382656119173175,8.508152166461532,1.345982527759624,134.59825756282873,1056.1474169953726,1,0.01,64,,,,,,,,,,,,False,False,,
0,16,19370,2,0.0005565837654714534,1.0,0.0003034272350588686,1.0,1.0,1.0,1.0,0.0,"{""0"": 1.0, ""1"": 1.0}","{""0"": 1.0, ""1"": 1.0}","{""0"": 1.0, ""1"": 1.0}",0.09513546798029557,1.0,4.9591064453125e-05,0.8020499679692504,0.09513546798029557,4.9591064453125e-05,,8.419373529143959,8.433891859446447,0.1455464125884789,14.554641864846353,1014.5525840052869,1,0.01,64,,,,,,,,,,,,False,False,,
0,17,19370,2,0.0002295054384942842,1.0,0.0004510556392516697,0.9997418688693857,1.0,0.9995233611479295,0.9995233611479295,0.0,"{""0"": 0.9998460828074496, ""1"": 0.9992006394884093}","{""0"": 0.9996922129886119, ""1"": 1.0}","{""0"": 1.0, ""1"": 0.9984025559105432}",0.09051724137931035,0.9999974522422815,5.340576171875e-05,0.8098318240620958,0.09051724137931035,5.340576171875e-05,,8.456616644794698,8.476431430954761,0.3880242930666817,38.8024316281383,1052.9765830142424,1,0.01,64,,,,,,,,,,,,False,False,,
0,18,19370,2,0.0003123204516042711,1.0,0.00019729046921458546,1.0,1.0,1.0,1.0,0.0,"{""0"": 1.0, ""1"": 1.0}","{""0"": 1.0, ""1"": 1.0}","{""0"": 1.0, ""1"": 1.0}",0.09667487684729065,1.0,4.8279762268066406e-05,0.7994891443167306,0.09667487684729065,4.8279762268066406e-05,,8.478660805842605,8.491630742398694,0.09224791054362866,9.224791054225824,1005.0089590076823,1,0.01,64,,,,,,,,,,,,False,False,,
0,19,19370,2,0.00022555932839883903,1.0,0.0002023804563577869,1.0,1.0,1.0,1.0,0.0,"{""0"": 1.0, ""1"": 1.0}","{""0"": 1.0, ""1"": 1.0}","{""0"": 1.0, ""1"": 1.0}",0.09328817733990148,0.9999999999999999,3.4928321838378906e-05,0.805144694533762,0.09328817733990148,3.4928321838378906e-05,,8.494743066662972,8.506205550856498,0.15248316625786928,15.248316882031977,1025.9878749784548,1,0.01,64,,,,,,,,,,,,False,False,,
0,20,19370,2,0.0018196158917504123,0.9989674754775426,0.040991645343235524,0.9961280330407847,0.9980995718395202,0.9929232763075164,0.9929232763075164,0.004618226600985209,"{""0"": 0.997685542354575, ""1"": 0.9881610102604578}","{""0"": 1.0, ""1"": 0.9765990639625585}","{""0"": 0.9953817733990148, ""1"": 1.0}",0.09913793103448276,0.98199347269749,0.00016009807586669922,0.795425667090216,0.09913793103448276,0.00016009807586669922,,8.56879569999833,8.634239730322658,0.5861830692480394,58.61831018470178,1050.5834160139784,1,0.01,64,,,,,,,,,,,,False,False,,
0,1,19370,2,0.6398344010603233,0.8185338151781105,0.01557868096183558,0.9981930820856996,0.45704815932359844,0.9966548851222321,0.9966548851222321,0.00030788177339902134,"{""0"": 0.9989232425780649, ""1"": 0.9943865276663993}","{""0"": 0.9981555487242545, ""1"": 0.998389694041868}","{""0"": 0.999692118226601, ""1"": 0.9904153354632588}",0.10314039408866996,0.9958369967951665,0.007671535015106201,0.7866161616161617,0.10314039408866996,0.007671535015106201,,5.793964834821723,6.663116834107058,2.832703967888409,283.2704051900773,2068.2456250069663,1,0.01,64,,,,,,,,,,,,False,False,,
0,2,19370,2,0.04986610123124279,0.999225606608157,0.004525723957769634,0.9994837377387713,0.9985737628570885,0.9990473370685721,0.9990473370685721,0.00030788177339902134,"{""0"": 0.999692118226601, ""1"": 0.9984025559105432}","{""0"": 0.999692118226601, ""1"": 0.9984025559105432}","{""0"": 0.999692118226601, ""1"": 0.9984025559105432}",0.0917487684729064,0.9999244135215579,0.0011442899703979492,0.807741935483871,0.0917487684729064,0.0011442899703979492,,6.498630693736447,6.92177992442217,1.2141715400519275,121.41715811056372,1038.150875014253,1,0.01,64,,,,,,,,,,,,False,False,,
0,3,19370,2,0.007979919238886262,0.9981930820856996,0.019164814175651447,0.9958699019101703,0.9966806415598415,0.9922990068621137,0.9922990068621137,0.0,"{""0"": 0.9975429975429976, ""1"": 0.9870550161812298}","{""0"": 0.9950980392156863, ""1"": 1.0}","{""0"": 1.0, ""1"": 0.9744408945686901}",0.10806650246305419,0.9986454247589597,4.5180320739746094e-05,0.7802746566791511,0.10806650246305419,4.5180320739746094e-05,,6.99044603186953,7.698543459213595,2.295193329441524,229.51933793850995,1200.5872500012629,1,0.01,64,,,,,,,,,,,,False,False,,
0,4,19370,2,0.0010010102488478402,0.9997418688693857,0.005164719672184666,0.9997418688693857,0.9995233611479295,0.999523975407444,0.999523975407444,0.00030788177339902134,"{""0"": 0.9998460354118552, ""1"": 0.9992019154030327}","{""0"": 1.0, ""1"": 0.9984051036682615}","{""0"": 0.999692118226601, ""1"": 1.0}",0.10314039408866996,0.9903897717233107,0.0002980828285217285,0.7889098928796471,0.10314039408866996,0.0002980828285217285,,7.279148339605363,7.785819922690894,1.95096875022264,195.0968772531222,1059.2689169861842,1,0.01,64,,,,,,,,,,,,False,False,,
0,5,19370,2,0.0004180110559214792,1.0,0.00016121884338466115,1.0,1.0,1.0,1.0,0.0,"{""0"": 1.0, ""1"": 1.0}","{""0"": 1.0, ""1"": 1.0}","{""0"": 1.0, ""1"": 1.0}",0.10190886699507389,0.9999999999999999,0.00020581483840942383,0.7909033480732786,0.10190886699507389,0.00020581483840942383,,7.4577383422521315,7.494564781334652,0.11529349998352824,11.529350165609571,1105.643582995981,1,0.01,64,,,,,,,,,,,,False,False,,
0,6,19370,2,0.0004347047516140995,1.0,0.00016030108719085128,1.0,1.0,1.0,1.0,0.0,"{""0"": 1.0, ""1"": 1.0}","{""0"": 1.0, ""1"": 1.0}","{""0"": 1.0, ""1"": 1.0}",0.10591133004926108,1.0,0.00012612342834472656,0.7844611528822055,0.10591133004926108,0.00012612342834472656,,7.535655125567463,7.585032883149777,0.30684014775958895,30.68401531315972,1076.5249999822117,1,0.01,64,,,,,,,,,,,,False,False,,
0,7,19370,2,0.0021954299352460035,0.9997418688693857,7.496788933420875e-05,1.0,0.999523975407444,1.0,1.0,0.0,"{""0"": 1.0, ""1"": 1.0}","{""0"": 1.0, ""1"": 1.0}","{""0"": 1.0, ""1"": 1.0}",0.09636699507389163,1.0,8.26120376586914e-05,0.8,0.09636699507389163,8.26120376586914e-05,,7.587626243125385,7.636239849011394,0.38732592403768784,38.73259358928012,1186.3040839962196,1,0.01,64,,,,,,,,,,,,False,False,,
0,8,19370,2,0.0011224484910971875,0.9997418688693857,0.0012228621652284942,0.9994837377387713,0.999523975407444,0.9990485635372413,0.9990485635372413,0.0006157635467980427,"{""0"": 0.9996920234062211, ""1"": 0.9984051036682615}","{""0"": 1.0, ""1"": 0.9968152866242038}","{""0"": 0.999384236453202, ""1"": 1.0}",0.09544334975369458,1.0,0.0008566379547119141,0.8015364916773368,0.09544334975369458,0.0008566379547119141,,7.649004161127516,7.828364179464791,1.174354666641277,117.43547373978168,1221.4953330112621,1,0.01,64,,,,,,,,,,,,False,False,,
0,9,19370,2,0.001499801356374996,0.9997418688693857,0.0032718858366009595,0.9997418688693857,0.999523975407444,0.999523975407444,0.999523975407444,0.00030788177339902134,"{""0"": 0.9998460354118552, ""1"": 0.9992019154030327}","{""0"": 1.0, ""1"": 0.9984051036682615}","{""0"": 0.999692118226601, ""1"": 1.0}",0.10529556650246305,0.9967484964594788,0.00016748905181884766,0.7854454203262233,0.10529556650246305,0.00016748905181884766,,7.728804285973366,7.802736016835504,0.5171546720213481,51.71546924765157,1160.3372500103433,1,0.01,64,,,,,,,,,,,,False,False,,
0,10,19370,2,0.0009283812990465552,0.9997418688693857,0.00780522243165579,0.9971605575632422,0.999523975407444,0.9947971779690143,0.9947971779690143,0.0033866995073891237,"{""0"": 0.9983037779491133, ""1"": 0.9912905779889153}","{""0"": 1.0, ""1"": 0.9827315541601256}","{""0"": 0.9966133004926109, ""1"": 1.0}",0.09852216748768473,1.0,0.01172405481338501,0.7964376590330788,0.09852216748768473,0.01172405481338501,,7.808780342884075,7.9624320086417075,1.238033269541681,123.80333641337121,1079.1847500076983,1,0.01,64,,,,,,,,,,,,False,False,,
0,11,19370,2,0.0004725221595316591,0.9997418688693857,0.0002972817276072494,0.9997418688693857,0.999523975407444,0.999523975407444,0.999523975407444,0.00030788177339902134,"{""0"": 0.9998460354118552, ""1"": 0.9992019154030327}","{""0"": 1.0, ""1"": 0.9984051036682615}","{""0"": 0.999692118226601, ""1"": 1.0}",0.09451970443349754,1.0,9.322166442871094e-05,0.8030788967286723,0.09451970443349754,9.322166442871094e-05,,7.949765253319492,7.970315888388375,0.14039761140114468,14.039760432145512,1047.368291998282,1,0.01,64,,,,,,,,,,,,False,False,,
0,12,19370,2,0.0004299839639599191,0.9997418688693857,0.00027553406805248516,0.9997418688693857,0.999523975407444,0.999523975407444,0.999523975407444,0.00030788177339902134,"{""0"": 0.9998460354118552, ""1"": 0.9992019154030327}","{""0"": 1.0, ""1"": 0.9984051036682615}","{""0"": 0.999692118226601, ""1"": 1.0}",0.08897783251231527,1.0,0.00013065338134765625,0.8124594419208306,0.08897783251231527,0.00013065338134765625,,8.084081429932061,8.105744350613927,0.11025476456410267,11.025476652338552,1034.832874982385,1,0.01,64,,,,,,,,,,,,False,False,,
0,13,19370,2,0.0004631942232901834,0.9997418688693857,0.00027977636541510917,0.9997418688693857,0.999523975407444,0.999523975407444,0.999523975407444,0.00030788177339902134,"{""0"": 0.9998460354118552, ""1"": 0.9992019154030327}","{""0"": 1.0, ""1"": 0.9984051036682615}","{""0"": 0.999692118226601, ""1"": 1.0}",0.09975369458128079,1.0,9.40561294555664e-05,0.7944162436548223,0.09975369458128079,9.40561294555664e-05,,8.178986437968494,8.194695685793063,0.07464464951861748,7.4644648157833,1064.0954170085024,1,0.01,64,,,,,,,,,,,,False,False,,
0,14,19370,2,0.0001751126843582377,1.0,0.0005899760798769659,0.9994837377387713,1.0,0.9990461064943059,0.9990461064943059,0.0,"{""0"": 0.9996922129886119, ""1"": 0.9984}","{""0"": 0.9993846153846154, ""1"": 1.0}","{""0"": 1.0, ""1"": 0.9968051118210862}",0.09451970443349754,1.0,4.363059997558594e-05,0.8030788967286723,0.09451970443349754,4.363059997558594e-05,,8.199576662116787,8.271740889259227,0.5433892860006871,54.33892928936212,1053.318333986681,1,0.01,64,,,,,,,,,,,,False,False,,
0,15,19370,2,0.0001250452026352668,1.0,0.0007936271977087017,1.0,1.0,1.0,1.0,0.0,"{""0"": 1.0, ""1"": 1.0}","{""0"": 1.0, ""1"": 1.0}","{""0"": 1.0, ""1"": 1.0}",0.09513546798029557,1.0,0.0001615285873413086,0.8020499679692504,0.09513546798029557,0.0001615285873413086,,8.239946118251083,8.322684846179175,0.9998710195707546,99.9871022489896,1080.6557500036433,1,0.01,64,,,,,,,,,,,,False,False,,
0,16,19370,2,0.00032036353334914284,1.0,0.0001186261223233114,1.0,1.0,1.0,1.0,0.0,"{""0"": 1.0, ""1"": 1.0}","{""0"": 1.0, ""1"": 1.0}","{""0"": 1.0, ""1"": 1.0}",0.0917487684729064,1.0,4.601478576660156e-05,0.807741935483871,0.0917487684729064,4.601478576660156e-05,,8.261724999509413,8.272360706676261,0.07543108148712191,7.5431086202777555,1067.1132499992382,1,0.01,64,,,,,,,,,,,,False,False,,
0,17,19370,2,0.00018035086878760503,1.0,0.00014912795229408447,1.0,1.0,1.0,1.0,0.0,"{""0"": 1.0, ""1"": 1.0}","{""0"": 1.0, ""1"": 1.0}","{""0"": 1.0, ""1"": 1.0}",0.08682266009852217,1.0,3.314018249511719e-05,0.8161668839634941,0.08682266009852217,3.314018249511719e-05,,8.368146227065703,8.381535880180712,0.11580602658747495,11.58060323908234,1057.0214999897871,1,0.01,64,,,,,,,,,,,,False,False,,
0,18,19370,2,0.0004076742202190961,1.0,0.00016397950316115654,1.0,1.0,1.0,1.0,0.0,"{""0"": 1.0, ""1"": 1.0}","{""0"": 1.0, ""1"": 1.0}","{""0"": 1.0, ""1"": 1.0}",0.10437192118226601,1.0,3.0279159545898438e-05,0.7869264613450659,0.10437192118226601,3.0279159545898438e-05,,8.420769323047963,8.438361798891028,0.22635131773590444,22.635131225345642,1075.295416987501,1,0.01,64,,,,,,,,,,,,False,False,,
0,19,19370,2,0.0002073545485294088,1.0,0.000184790908160274,1.0,1.0,1.0,1.0,0.0,"{""0"": 1.0, ""1"": 1.0}","{""0"": 1.0, ""1"": 1.0}","{""0"": 1.0, ""1"": 1.0}",0.09698275862068965,1.0,1.7881393432617188e-05,0.7989789406509253,0.09698275862068965,1.7881393432617188e-05,,8.44260704211314,8.500181062683835,0.6183295158462477,61.83295454781522,1021.6800409834832,1,0.01,64,,,,,,,,,,,,False,False,,
0,20,19370,2,0.00013586235413417033,1.0,0.00044009388416345216,0.9997418688693857,1.0,0.999523975407444,0.999523975407444,0.00030788177339902134,"{""0"": 0.9998460354118552, ""1"": 0.9992019154030327}","{""0"": 1.0, ""1"": 0.9984051036682615}","{""0"": 0.999692118226601, ""1"": 1.0}",0.10067733990147783,0.9999999999999999,2.777576446533203e-05,0.7929069031032299,0.10067733990147783,2.777576446533203e-05,,8.487249104488225,8.511417142103799,0.3665836069199941,36.65836279683549,1035.079791006865,1,0.01,64,,,,,,,,,,,,False,False,,
