client_id,round,dataset_size,n_classes,loss_before,acc_before,loss_after,acc_after,macro_f1_before,macro_f1_after,macro_f1_argmax,benign_fpr_argmax,f1_per_class_after,precision_per_class,recall_per_class,confusion_matrix_counts,confusion_matrix_normalized,confusion_matrix_class_names,fpr_after,pr_auc_after,threshold_tau,f1_bin_tau,benign_fpr_bin_tau,tau_bin,seed,weight_norm_before,weight_norm_after,weight_update_norm,grad_norm_l2,t_fit_ms,epochs_completed,lr,batch_size,macro_f1_global,macro_f1_personalized,benign_fpr_global,benign_fpr_personalized,personalization_gain,dp_epsilon,dp_delta,dp_sigma,dp_clip_norm,dp_sample_rate,dp_total_steps,dp_enabled,secure_aggregation,secure_aggregation_seed,secure_aggregation_mask_checksum
1,1,1656,10,2.2505115270614624,0.14759036144578314,0.44926461577415466,0.8042168674698795,0.028252032520325203,0.49104389547916705,0.49104389547916705,0.1278195488721805,"{""0"": 0.8436363636363636, ""1"": 0.7096774193548387, ""2"": 0.9122807017543859, ""3"": 0.0, ""4"": 0.78125, ""5"": 0.8064516129032258, ""6"": 0.8571428571428571, ""7"": 0.0, ""8"": 0.0, ""9"": 0.0}","{""0"": 0.8169014084507042, ""1"": 0.7857142857142857, ""2"": 0.8666666666666667, ""3"": 0.0, ""4"": 0.8064516129032258, ""5"": 0.6756756756756757, ""6"": 0.9512195121951219, ""7"": 0.0, ""8"": 0.0, ""9"": 0.0}","{""0"": 0.8721804511278195, ""1"": 0.6470588235294118, ""2"": 0.9629629629629629, ""3"": 0.0, ""4"": 0.7575757575757576, ""5"": 1.0, ""6"": 0.78, ""7"": 0.0, ""8"": 0.0, ""9"": 0.0}","[[116.0, 3.0, 1.0, 0.0, 3.0, 10.0, 0.0, 0.0, 0.0, 0.0], [0.0, 11.0, 0.0, 0.0, 0.0, 6.0, 0.0, 0.0, 0.0, 0.0], [0.0, 0.0, 26.0, 0.0, 1.0, 0.0, 0.0, 0.0, 0.0, 0.0], [13.0, 0.0, 0.0, 0.0, 0.0, 0.0, 0.0, 0.0, 0.0, 0.0], [6.0, 0.0, 0.0, 0.0, 25.0, 0.0, 2.0, 0.0, 0.0, 0.0], [0.0, 0.0, 0.0, 0.0, 0.0, 50.0, 0.0, 0.0, 0.0, 0.0], [6.0, 0.0, 3.0, 0.0, 2.0, 0.0, 39.0, 0.0, 0.0, 0.0], [0.0, 0.0, 0.0, 0.0, 0.0, 3.0, 0.0, 0.0, 0.0, 0.0], [0.0, 0.0, 0.0, 0.0, 0.0, 5.0, 0.0, 0.0, 0.0, 0.0], [1.0, 0.0, 0.0, 0.0, 0.0, 0.0, 0.0, 0.0, 0.0, 0.0]]","[[0.8721804511278195, 0.022556390977443608, 0.007518796992481203, 0.0, 0.022556390977443608, 0.07518796992481203, 0.0, 0.0, 0.0, 0.0], [0.0, 0.6470588235294118, 0.0, 0.0, 0.0, 0.35294117647058826, 0.0, 0.0, 0.0, 0.0], [0.0, 0.0, 0.9629629629629629, 0.0, 0.037037037037037035, 0.0, 0.0, 0.0, 0.0, 0.0], [1.0, 0.0, 0.0, 0.0, 0.0, 0.0, 0.0, 0.0, 0.0, 0.0], [0.18181818181818182, 0.0, 0.0, 0.0, 0.7575757575757576, 0.0, 0.06060606060606061, 0.0, 0.0, 0.0], [0.0, 0.0, 0.0, 0.0, 0.0, 1.0, 0.0, 0.0, 0.0, 0.0], [0.12, 0.0, 0.06, 0.0, 0.04, 0.0, 0.78, 0.0, 0.0, 0.0], [0.0, 0.0, 0.0, 0.0, 0.0, 1.0, 0.0, 0.0, 0.0, 0.0], [0.0, 0.0, 0.0, 0.0, 0.0, 1.0, 0.0, 0.0, 0.0, 0.0], [1.0, 0.0, 0.0, 0.0, 0.0, 0.0, 0.0, 0.0, 0.0, 0.0]]","[""BENIGN"", ""FTP-PATATOR"", ""DOS GOLDENEYE"", ""SSH-PATATOR"", ""DDOS"", ""PORTSCAN"", ""DOS HULK"", ""WEB ATTACK \ufffd XSS"", ""WEB ATTACK \ufffd BRUTE FORCE"", ""WEB ATTACK \ufffd SQL INJECTION""]",0.15037593984962405,0.9734715861337979,0.5612159967422485,0.9185185185185185,0.15037593984962405,0.5612159967422485,,6.002979391924578,8.938739575609485,5.831303889045013,583.1303940436646,1344.8541250108974,1,0.01,64,,,,,,,,,,,,False,False,,
1,2,1656,10,0.5038098394870758,0.8283132530120482,0.27797072877486545,0.9216867469879518,0.5043683814934669,0.7130451464301236,0.7130451464301236,0.06015037593984962,"{""0"": 0.929368029739777, ""1"": 0.8484848484848485, ""2"": 0.9473684210526315, ""3"": 0.9285714285714286, ""4"": 0.9, ""5"": 0.9615384615384616, ""6"": 0.9484536082474226, ""7"": 0.0, ""8"": 0.6666666666666666, ""9"": 0.0}","{""0"": 0.9191176470588235, ""1"": 0.875, ""2"": 0.9, ""3"": 0.8666666666666667, ""4"": 1.0, ""5"": 0.9259259259259259, ""6"": 0.9787234042553191, ""7"": 0.0, ""8"": 0.5714285714285714, ""9"": 0.0}","{""0"": 0.9398496240601504, ""1"": 0.8235294117647058, ""2"": 1.0, ""3"": 1.0, ""4"": 0.8181818181818182, ""5"": 1.0, ""6"": 0.92, ""7"": 0.0, ""8"": 0.8, ""9"": 0.0}","[[125.0, 2.0, 0.0, 1.0, 0.0, 4.0, 1.0, 0.0, 0.0, 0.0], [3.0, 14.0, 0.0, 0.0, 0.0, 0.0, 0.0, 0.0, 0.0, 0.0], [0.0, 0.0, 27.0, 0.0, 0.0, 0.0, 0.0, 0.0, 0.0, 0.0], [0.0, 0.0, 0.0, 13.0, 0.0, 0.0, 0.0, 0.0, 0.0, 0.0], [6.0, 0.0, 0.0, 0.0, 27.0, 0.0, 0.0, 0.0, 0.0, 0.0], [0.0, 0.0, 0.0, 0.0, 0.0, 50.0, 0.0, 0.0, 0.0, 0.0], [1.0, 0.0, 3.0, 0.0, 0.0, 0.0, 46.0, 0.0, 0.0, 0.0], [0.0, 0.0, 0.0, 0.0, 0.0, 0.0, 0.0, 0.0, 3.0, 0.0], [1.0, 0.0, 0.0, 0.0, 0.0, 0.0, 0.0, 0.0, 4.0, 0.0], [0.0, 0.0, 0.0, 1.0, 0.0, 0.0, 0.0, 0.0, 0.0, 0.0]]","[[0.9398496240601504, 0.015037593984962405, 0.0, 0.007518796992481203, 0.0, 0.03007518796992481, 0.007518796992481203, 0.0, 0.0, 0.0], [0.17647058823529413, 0.8235294117647058, 0.0, 0.0, 0.0, 0.0, 0.0, 0.0, 0.0, 0.0], [0.0, 0.0, 1.0, 0.0, 0.0, 0.0, 0.0, 0.0, 0.0, 0.0], [0.0, 0.0, 0.0, 1.0, 0.0, 0.0, 0.0, 0.0, 0.0, 0.0], [0.18181818181818182, 0.0, 0.0, 0.0, 0.8181818181818182, 0.0, 0.0, 0.0, 0.0, 0.0], [0.0, 0.0, 0.0, 0.0, 0.0, 1.0, 0.0, 0.0, 0.0, 0.0], [0.02, 0.0, 0.06, 0.0, 0.0, 0.0, 0.92, 0.0, 0.0, 0.0], [0.0, 0.0, 0.0, 0.0, 0.0, 0.0, 0.0, 0.0, 1.0, 0.0], [0.2, 0.0, 0.0, 0.0, 0.0, 0.0, 0.0, 0.0, 0.8, 0.0], [0.0, 0.0, 0.0, 1.0, 0.0, 0.0, 0.0, 0.0, 0.0, 0.0]]","[""BENIGN"", ""FTP-PATATOR"", ""DOS GOLDENEYE"", ""SSH-PATATOR"", ""DDOS"", ""PORTSCAN"", ""DOS HULK"", ""WEB ATTACK \ufffd XSS"", ""WEB ATTACK \ufffd BRUTE FORCE"", ""WEB ATTACK \ufffd SQL INJECTION""]",0.09022556390977443,0.9868164051829798,0.3142600655555725,0.9656862745098039,0.09022556390977443,0.3142600655555725,,8.547077525248197,10.484295633672268,3.5776827317105067,357.7682741244264,234.9795830086805,1,0.01,64,,,,,,,,,,,,False,False,,
1,3,1656,10,0.22419042885303497,0.9337349397590361,0.21640076984961829,0.927710843373494,0.7263731683528161,0.7182248425579926,0.7182248425579926,0.052631578947368474,"{""0"": 0.9298892988929889, ""1"": 0.9142857142857143, ""2"": 1.0, ""3"": 0.8695652173913043, ""4"": 0.8709677419354839, ""5"": 0.970873786407767, ""6"": 0.96, ""7"": 0.0, ""8"": 0.6666666666666666, ""9"": 0.0}","{""0"": 0.9130434782608695, ""1"": 0.8888888888888888, ""2"": 1.0, ""3"": 1.0, ""4"": 0.9310344827586207, ""5"": 0.9433962264150944, ""6"": 0.96, ""7"": 0.0, ""8"": 0.5714285714285714, ""9"": 0.0}","{""0"": 0.9473684210526315, ""1"": 0.9411764705882353, ""2"": 1.0, ""3"": 0.7692307692307693, ""4"": 0.8181818181818182, ""5"": 1.0, ""6"": 0.96, ""7"": 0.0, ""8"": 0.8, ""9"": 0.0}","[[126.0, 2.0, 0.0, 0.0, 0.0, 3.0, 2.0, 0.0, 0.0, 0.0], [1.0, 16.0, 0.0, 0.0, 0.0, 0.0, 0.0, 0.0, 0.0, 0.0], [0.0, 0.0, 27.0, 0.0, 0.0, 0.0, 0.0, 0.0, 0.0, 0.0], [3.0, 0.0, 0.0, 10.0, 0.0, 0.0, 0.0, 0.0, 0.0, 0.0], [6.0, 0.0, 0.0, 0.0, 27.0, 0.0, 0.0, 0.0, 0.0, 0.0], [0.0, 0.0, 0.0, 0.0, 0.0, 50.0, 0.0, 0.0, 0.0, 0.0], [0.0, 0.0, 0.0, 0.0, 2.0, 0.0, 48.0, 0.0, 0.0, 0.0], [0.0, 0.0, 0.0, 0.0, 0.0, 0.0, 0.0, 0.0, 3.0, 0.0], [1.0, 0.0, 0.0, 0.0, 0.0, 0.0, 0.0, 0.0, 4.0, 0.0], [1.0, 0.0, 0.0, 0.0, 0.0, 0.0, 0.0, 0.0, 0.0, 0.0]]","[[0.9473684210526315, 0.015037593984962405, 0.0, 0.0, 0.0, 0.022556390977443608, 0.015037593984962405, 0.0, 0.0, 0.0], [0.058823529411764705, 0.9411764705882353, 0.0, 0.0, 0.0, 0.0, 0.0, 0.0, 0.0, 0.0], [0.0, 0.0, 1.0, 0.0, 0.0, 0.0, 0.0, 0.0, 0.0, 0.0], [0.23076923076923078, 0.0, 0.0, 0.7692307692307693, 0.0, 0.0, 0.0, 0.0, 0.0, 0.0], [0.18181818181818182, 0.0, 0.0, 0.0, 0.8181818181818182, 0.0, 0.0, 0.0, 0.0, 0.0], [0.0, 0.0, 0.0, 0.0, 0.0, 1.0, 0.0, 0.0, 0.0, 0.0], [0.0, 0.0, 0.0, 0.0, 0.04, 0.0, 0.96, 0.0, 0.0, 0.0], [0.0, 0.0, 0.0, 0.0, 0.0, 0.0, 0.0, 0.0, 1.0, 0.0], [0.2, 0.0, 0.0, 0.0, 0.0, 0.0, 0.0, 0.0, 0.8, 0.0], [1.0, 0.0, 0.0, 0.0, 0.0, 0.0, 0.0, 0.0, 0.0, 0.0]]","[""BENIGN"", ""FTP-PATATOR"", ""DOS GOLDENEYE"", ""SSH-PATATOR"", ""DDOS"", ""PORTSCAN"", ""DOS HULK"", ""WEB ATTACK \ufffd XSS"", ""WEB ATTACK \ufffd BRUTE FORCE"", ""WEB ATTACK \ufffd SQL INJECTION""]",0.14285714285714285,0.9882133854231239,0.11023217439651489,0.9544364508393285,0.14285714285714285,0.11023217439651489,,10.301203467721436,11.261854139844612,2.319172240152285,231.9172196851692,117.76583400205709,1,0.01,64,,,,,,,,,,,,False,False,,
1,4,1656,10,0.17463145032525063,0.9457831325301205,0.2210370401541392,0.9487951807228916,0.7369060430373701,0.7415707946957947,0.7415707946957947,0.07518796992481203,"{""0"": 0.9498069498069498, ""1"": 0.9444444444444444, ""2"": 1.0, ""3"": 0.9629629629629629, ""4"": 0.96875, ""5"": 0.9615384615384616, ""6"": 0.9615384615384616, ""7"": 0.0, ""8"": 0.6666666666666666, ""9"": 0.0}","{""0"": 0.9761904761904762, ""1"": 0.8947368421052632, ""2"": 1.0, ""3"": 0.9285714285714286, ""4"": 1.0, ""5"": 0.9259259259259259, ""6"": 0.9259259259259259, ""7"": 0.0, ""8"": 0.5714285714285714, ""9"": 0.0}","{""0"": 0.924812030075188, ""1"": 1.0, ""2"": 1.0, ""3"": 1.0, ""4"": 0.9393939393939394, ""5"": 1.0, ""6"": 1.0, ""7"": 0.0, ""8"": 0.8, ""9"": 0.0}","[[123.0, 2.0, 0.0, 0.0, 0.0, 4.0, 4.0, 0.0, 0.0, 0.0], [0.0, 17.0, 0.0, 0.0, 0.0, 0.0, 0.0, 0.0, 0.0, 0.0], [0.0, 0.0, 27.0, 0.0, 0.0, 0.0, 0.0, 0.0, 0.0, 0.0], [0.0, 0.0, 0.0, 13.0, 0.0, 0.0, 0.0, 0.0, 0.0, 0.0], [2.0, 0.0, 0.0, 0.0, 31.0, 0.0, 0.0, 0.0, 0.0, 0.0], [0.0, 0.0, 0.0, 0.0, 0.0, 50.0, 0.0, 0.0, 0.0, 0.0], [0.0, 0.0, 0.0, 0.0, 0.0, 0.0, 50.0, 0.0, 0.0, 0.0], [0.0, 0.0, 0.0, 0.0, 0.0, 0.0, 0.0, 0.0, 3.0, 0.0], [1.0, 0.0, 0.0, 0.0, 0.0, 0.0, 0.0, 0.0, 4.0, 0.0], [0.0, 0.0, 0.0, 1.0, 0.0, 0.0, 0.0, 0.0, 0.0, 0.0]]","[[0.924812030075188, 0.015037593984962405, 0.0, 0.0, 0.0, 0.03007518796992481, 0.03007518796992481, 0.0, 0.0, 0.0], [0.0, 1.0, 0.0, 0.0, 0.0, 0.0, 0.0, 0.0, 0.0, 0.0], [0.0, 0.0, 1.0, 0.0, 0.0, 0.0, 0.0, 0.0, 0.0, 0.0], [0.0, 0.0, 0.0, 1.0, 0.0, 0.0, 0.0, 0.0, 0.0, 0.0], [0.06060606060606061, 0.0, 0.0, 0.0, 0.9393939393939394, 0.0, 0.0, 0.0, 0.0, 0.0], [0.0, 0.0, 0.0, 0.0, 0.0, 1.0, 0.0, 0.0, 0.0, 0.0], [0.0, 0.0, 0.0, 0.0, 0.0, 0.0, 1.0, 0.0, 0.0, 0.0], [0.0, 0.0, 0.0, 0.0, 0.0, 0.0, 0.0, 0.0, 1.0, 0.0], [0.2, 0.0, 0.0, 0.0, 0.0, 0.0, 0.0, 0.0, 0.8, 0.0], [0.0, 0.0, 0.0, 1.0, 0.0, 0.0, 0.0, 0.0, 0.0, 0.0]]","[""BENIGN"", ""FTP-PATATOR"", ""DOS GOLDENEYE"", ""SSH-PATATOR"", ""DDOS"", ""PORTSCAN"", ""DOS HULK"", ""WEB ATTACK \ufffd XSS"", ""WEB ATTACK \ufffd BRUTE FORCE"", ""WEB ATTACK \ufffd SQL INJECTION""]",0.07518796992481203,0.9877883594028749,0.5144824981689453,0.9704433497536946,0.07518796992481203,0.5144824981689453,,11.126491348891935,11.861760475021487,1.9897738839765566,198.97739794825088,617.799166997429,1,0.01,64,,,,,,,,,,,,False,False,,
1,5,1656,10,0.18282274529337883,0.9367469879518072,0.16536995520194372,0.9457831325301205,0.7321032370630096,0.7390134854973545,0.7390134854973545,0.09022556390977443,"{""0"": 0.9453125, ""1"": 0.9444444444444444, ""2"": 1.0, ""3"": 0.9629629629629629, ""4"": 0.9295774647887324, ""5"": 0.970873786407767, ""6"": 0.9702970297029703, ""7"": 0.0, ""8"": 0.6666666666666666, ""9"": 0.0}","{""0"": 0.983739837398374, ""1"": 0.8947368421052632, ""2"": 1.0, ""3"": 0.9285714285714286, ""4"": 0.868421052631579, ""5"": 0.9433962264150944, ""6"": 0.9607843137254902, ""7"": 0.0, ""8"": 0.5714285714285714, ""9"": 0.0}","{""0"": 0.9097744360902256, ""1"": 1.0, ""2"": 1.0, ""3"": 1.0, ""4"": 1.0, ""5"": 1.0, ""6"": 0.98, ""7"": 0.0, ""8"": 0.8, ""9"": 0.0}","[[121.0, 2.0, 0.0, 0.0, 5.0, 3.0, 2.0, 0.0, 0.0, 0.0], [0.0, 17.0, 0.0, 0.0, 0.0, 0.0, 0.0, 0.0, 0.0, 0.0], [0.0, 0.0, 27.0, 0.0, 0.0, 0.0, 0.0, 0.0, 0.0, 0.0], [0.0, 0.0, 0.0, 13.0, 0.0, 0.0, 0.0, 0.0, 0.0, 0.0], [0.0, 0.0, 0.0, 0.0, 33.0, 0.0, 0.0, 0.0, 0.0, 0.0], [0.0, 0.0, 0.0, 0.0, 0.0, 50.0, 0.0, 0.0, 0.0, 0.0], [1.0, 0.0, 0.0, 0.0, 0.0, 0.0, 49.0, 0.0, 0.0, 0.0], [0.0, 0.0, 0.0, 0.0, 0.0, 0.0, 0.0, 0.0, 3.0, 0.0], [1.0, 0.0, 0.0, 0.0, 0.0, 0.0, 0.0, 0.0, 4.0, 0.0], [0.0, 0.0, 0.0, 1.0, 0.0, 0.0, 0.0, 0.0, 0.0, 0.0]]","[[0.9097744360902256, 0.015037593984962405, 0.0, 0.0, 0.03759398496240601, 0.022556390977443608, 0.015037593984962405, 0.0, 0.0, 0.0], [0.0, 1.0, 0.0, 0.0, 0.0, 0.0, 0.0, 0.0, 0.0, 0.0], [0.0, 0.0, 1.0, 0.0, 0.0, 0.0, 0.0, 0.0, 0.0, 0.0], [0.0, 0.0, 0.0, 1.0, 0.0, 0.0, 0.0, 0.0, 0.0, 0.0], [0.0, 0.0, 0.0, 0.0, 1.0, 0.0, 0.0, 0.0, 0.0, 0.0], [0.0, 0.0, 0.0, 0.0, 0.0, 1.0, 0.0, 0.0, 0.0, 0.0], [0.02, 0.0, 0.0, 0.0, 0.0, 0.0, 0.98, 0.0, 0.0, 0.0], [0.0, 0.0, 0.0, 0.0, 0.0, 0.0, 0.0, 0.0, 1.0, 0.0], [0.2, 0.0, 0.0, 0.0, 0.0, 0.0, 0.0, 0.0, 0.8, 0.0], [0.0, 0.0, 0.0, 1.0, 0.0, 0.0, 0.0, 0.0, 0.0, 0.0]]","[""BENIGN"", ""FTP-PATATOR"", ""DOS GOLDENEYE"", ""SSH-PATATOR"", ""DDOS"", ""PORTSCAN"", ""DOS HULK"", ""WEB ATTACK \ufffd XSS"", ""WEB ATTACK \ufffd BRUTE FORCE"", ""WEB ATTACK \ufffd SQL INJECTION""]",0.10526315789473684,0.991227804604948,0.4104343056678772,0.9609756097560975,0.10526315789473684,0.4104343056678772,,11.779898841744163,12.339640533884777,1.7370486240956258,173.7048706120703,187.30083300033584,1,0.01,64,,,,,,,,,,,,False,False,,
1,6,1656,10,0.17028687397638956,0.9427710843373494,0.17925085499882698,0.9457831325301205,0.7348326612070312,0.7379481166367625,0.7379481166367625,0.09774436090225569,"{""0"": 0.9448818897637795, ""1"": 0.9714285714285714, ""2"": 1.0, ""3"": 0.9285714285714286, ""4"": 0.9166666666666666, ""5"": 0.970873786407767, ""6"": 0.9803921568627451, ""7"": 0.0, ""8"": 0.6666666666666666, ""9"": 0.0}","{""0"": 0.9917355371900827, ""1"": 0.9444444444444444, ""2"": 1.0, ""3"": 0.8666666666666667, ""4"": 0.8461538461538461, ""5"": 0.9433962264150944, ""6"": 0.9615384615384616, ""7"": 0.0, ""8"": 0.5714285714285714, ""9"": 0.0}","{""0"": 0.9022556390977443, ""1"": 1.0, ""2"": 1.0, ""3"": 1.0, ""4"": 1.0, ""5"": 1.0, ""6"": 1.0, ""7"": 0.0, ""8"": 0.8, ""9"": 0.0}","[[120.0, 1.0, 0.0, 1.0, 6.0, 3.0, 2.0, 0.0, 0.0, 0.0], [0.0, 17.0, 0.0, 0.0, 0.0, 0.0, 0.0, 0.0, 0.0, 0.0], [0.0, 0.0, 27.0, 0.0, 0.0, 0.0, 0.0, 0.0, 0.0, 0.0], [0.0, 0.0, 0.0, 13.0, 0.0, 0.0, 0.0, 0.0, 0.0, 0.0], [0.0, 0.0, 0.0, 0.0, 33.0, 0.0, 0.0, 0.0, 0.0, 0.0], [0.0, 0.0, 0.0, 0.0, 0.0, 50.0, 0.0, 0.0, 0.0, 0.0], [0.0, 0.0, 0.0, 0.0, 0.0, 0.0, 50.0, 0.0, 0.0, 0.0], [0.0, 0.0, 0.0, 0.0, 0.0, 0.0, 0.0, 0.0, 3.0, 0.0], [1.0, 0.0, 0.0, 0.0, 0.0, 0.0, 0.0, 0.0, 4.0, 0.0], [0.0, 0.0, 0.0, 1.0, 0.0, 0.0, 0.0, 0.0, 0.0, 0.0]]","[[0.9022556390977443, 0.007518796992481203, 0.0, 0.007518796992481203, 0.045112781954887216, 0.022556390977443608, 0.015037593984962405, 0.0, 0.0, 0.0], [0.0, 1.0, 0.0, 0.0, 0.0, 0.0, 0.0, 0.0, 0.0, 0.0], [0.0, 0.0, 1.0, 0.0, 0.0, 0.0, 0.0, 0.0, 0.0, 0.0], [0.0, 0.0, 0.0, 1.0, 0.0, 0.0, 0.0, 0.0, 0.0, 0.0], [0.0, 0.0, 0.0, 0.0, 1.0, 0.0, 0.0, 0.0, 0.0, 0.0], [0.0, 0.0, 0.0, 0.0, 0.0, 1.0, 0.0, 0.0, 0.0, 0.0], [0.0, 0.0, 0.0, 0.0, 0.0, 0.0, 1.0, 0.0, 0.0, 0.0], [0.0, 0.0, 0.0, 0.0, 0.0, 0.0, 0.0, 0.0, 1.0, 0.0], [0.2, 0.0, 0.0, 0.0, 0.0, 0.0, 0.0, 0.0, 0.8, 0.0], [0.0, 0.0, 0.0, 1.0, 0.0, 0.0, 0.0, 0.0, 0.0, 0.0]]","[""BENIGN"", ""FTP-PATATOR"", ""DOS GOLDENEYE"", ""SSH-PATATOR"", ""DDOS"", ""PORTSCAN"", ""DOS HULK"", ""WEB ATTACK \ufffd XSS"", ""WEB ATTACK \ufffd BRUTE FORCE"", ""WEB ATTACK \ufffd SQL INJECTION""]",0.10526315789473684,0.9959113415326573,0.49671471118927,0.9660194174757282,0.10526315789473684,0.49671471118927,,12.284447555842041,12.856173236661332,1.827396273306638,182.73963075331434,183.1714580039261,1,0.01,64,,,,,,,,,,,,False,False,,
1,7,1656,10,0.14110385378201803,0.9487951807228916,0.15162845949331918,0.9487951807228916,0.7379252408623167,0.7421228478847619,0.7421228478847619,0.08270676691729328,"{""0"": 0.9494163424124513, ""1"": 0.9714285714285714, ""2"": 1.0, ""3"": 0.9629629629629629, ""4"": 0.9295774647887324, ""5"": 0.9607843137254902, ""6"": 0.9803921568627451, ""7"": 0.0, ""8"": 0.6666666666666666, ""9"": 0.0}","{""0"": 0.9838709677419355, ""1"": 0.9444444444444444, ""2"": 1.0, ""3"": 0.9285714285714286, ""4"": 0.868421052631579, ""5"": 0.9423076923076923, ""6"": 0.9615384615384616, ""7"": 0.0, ""8"": 0.5714285714285714, ""9"": 0.0}","{""0"": 0.9172932330827067, ""1"": 1.0, ""2"": 1.0, ""3"": 1.0, ""4"": 1.0, ""5"": 0.98, ""6"": 1.0, ""7"": 0.0, ""8"": 0.8, ""9"": 0.0}","[[122.0, 1.0, 0.0, 0.0, 5.0, 3.0, 2.0, 0.0, 0.0, 0.0], [0.0, 17.0, 0.0, 0.0, 0.0, 0.0, 0.0, 0.0, 0.0, 0.0], [0.0, 0.0, 27.0, 0.0, 0.0, 0.0, 0.0, 0.0, 0.0, 0.0], [0.0, 0.0, 0.0, 13.0, 0.0, 0.0, 0.0, 0.0, 0.0, 0.0], [0.0, 0.0, 0.0, 0.0, 33.0, 0.0, 0.0, 0.0, 0.0, 0.0], [1.0, 0.0, 0.0, 0.0, 0.0, 49.0, 0.0, 0.0, 0.0, 0.0], [0.0, 0.0, 0.0, 0.0, 0.0, 0.0, 50.0, 0.0, 0.0, 0.0], [0.0, 0.0, 0.0, 0.0, 0.0, 0.0, 0.0, 0.0, 3.0, 0.0], [1.0, 0.0, 0.0, 0.0, 0.0, 0.0, 0.0, 0.0, 4.0, 0.0], [0.0, 0.0, 0.0, 1.0, 0.0, 0.0, 0.0, 0.0, 0.0, 0.0]]","[[0.9172932330827067, 0.007518796992481203, 0.0, 0.0, 0.03759398496240601, 0.022556390977443608, 0.015037593984962405, 0.0, 0.0, 0.0], [0.0, 1.0, 0.0, 0.0, 0.0, 0.0, 0.0, 0.0, 0.0, 0.0], [0.0, 0.0, 1.0, 0.0, 0.0, 0.0, 0.0, 0.0, 0.0, 0.0], [0.0, 0.0, 0.0, 1.0, 0.0, 0.0, 0.0, 0.0, 0.0, 0.0], [0.0, 0.0, 0.0, 0.0, 1.0, 0.0, 0.0, 0.0, 0.0, 0.0], [0.02, 0.0, 0.0, 0.0, 0.0, 0.98, 0.0, 0.0, 0.0, 0.0], [0.0, 0.0, 0.0, 0.0, 0.0, 0.0, 1.0, 0.0, 0.0, 0.0], [0.0, 0.0, 0.0, 0.0, 0.0, 0.0, 0.0, 0.0, 1.0, 0.0], [0.2, 0.0, 0.0, 0.0, 0.0, 0.0, 0.0, 0.0, 0.8, 0.0], [0.0, 0.0, 0.0, 1.0, 0.0, 0.0, 0.0, 0.0, 0.0, 0.0]]","[""BENIGN"", ""FTP-PATATOR"", ""DOS GOLDENEYE"", ""SSH-PATATOR"", ""DDOS"", ""PORTSCAN"", ""DOS HULK"", ""WEB ATTACK \ufffd XSS"", ""WEB ATTACK \ufffd BRUTE FORCE"", ""WEB ATTACK \ufffd SQL INJECTION""]",0.09774436090225563,0.997328060001917,0.40270334482192993,0.9633251833740831,0.09774436090225563,0.40270334482192993,,12.766269067020572,13.225438936621146,1.6528528226280048,165.28528830502452,143.06504199339543,1,0.01,64,,,,,,,,,,,,False,False,,
1,8,1656,10,0.15433837845921516,0.9397590361445783,0.17038386687636375,0.9668674698795181,0.7334604715672677,0.7618525894996483,0.7618525894996483,0.052631578947368474,"{""0"": 0.972972972972973, ""1"": 0.9714285714285714, ""2"": 1.0, ""3"": 0.9629629629629629, ""4"": 1.0, ""5"": 0.9615384615384616, ""6"": 0.9803921568627451, ""7"": 0.0, ""8"": 0.7692307692307693, ""9"": 0.0}","{""0"": 1.0, ""1"": 0.9444444444444444, ""2"": 1.0, ""3"": 0.9285714285714286, ""4"": 1.0, ""5"": 0.9259259259259259, ""6"": 0.9615384615384616, ""7"": 0.0, ""8"": 0.625, ""9"": 0.0}","{""0"": 0.9473684210526315, ""1"": 1.0, ""2"": 1.0, ""3"": 1.0, ""4"": 1.0, ""5"": 1.0, ""6"": 1.0, ""7"": 0.0, ""8"": 1.0, ""9"": 0.0}","[[126.0, 1.0, 0.0, 0.0, 0.0, 4.0, 2.0, 0.0, 0.0, 0.0], [0.0, 17.0, 0.0, 0.0, 0.0, 0.0, 0.0, 0.0, 0.0, 0.0], [0.0, 0.0, 27.0, 0.0, 0.0, 0.0, 0.0, 0.0, 0.0, 0.0], [0.0, 0.0, 0.0, 13.0, 0.0, 0.0, 0.0, 0.0, 0.0, 0.0], [0.0, 0.0, 0.0, 0.0, 33.0, 0.0, 0.0, 0.0, 0.0, 0.0], [0.0, 0.0, 0.0, 0.0, 0.0, 50.0, 0.0, 0.0, 0.0, 0.0], [0.0, 0.0, 0.0, 0.0, 0.0, 0.0, 50.0, 0.0, 0.0, 0.0], [0.0, 0.0, 0.0, 0.0, 0.0, 0.0, 0.0, 0.0, 3.0, 0.0], [0.0, 0.0, 0.0, 0.0, 0.0, 0.0, 0.0, 0.0, 5.0, 0.0], [0.0, 0.0, 0.0, 1.0, 0.0, 0.0, 0.0, 0.0, 0.0, 0.0]]","[[0.9473684210526315, 0.007518796992481203, 0.0, 0.0, 0.0, 0.03007518796992481, 0.015037593984962405, 0.0, 0.0, 0.0], [0.0, 1.0, 0.0, 0.0, 0.0, 0.0, 0.0, 0.0, 0.0, 0.0], [0.0, 0.0, 1.0, 0.0, 0.0, 0.0, 0.0, 0.0, 0.0, 0.0], [0.0, 0.0, 0.0, 1.0, 0.0, 0.0, 0.0, 0.0, 0.0, 0.0], [0.0, 0.0, 0.0, 0.0, 1.0, 0.0, 0.0, 0.0, 0.0, 0.0], [0.0, 0.0, 0.0, 0.0, 0.0, 1.0, 0.0, 0.0, 0.0, 0.0], [0.0, 0.0, 0.0, 0.0, 0.0, 0.0, 1.0, 0.0, 0.0, 0.0], [0.0, 0.0, 0.0, 0.0, 0.0, 0.0, 0.0, 0.0, 1.0, 0.0], [0.0, 0.0, 0.0, 0.0, 0.0, 0.0, 0.0, 0.0, 1.0, 0.0], [0.0, 0.0, 0.0, 1.0, 0.0, 0.0, 0.0, 0.0, 0.0, 0.0]]","[""BENIGN"", ""FTP-PATATOR"", ""DOS GOLDENEYE"", ""SSH-PATATOR"", ""DDOS"", ""PORTSCAN"", ""DOS HULK"", ""WEB ATTACK \ufffd XSS"", ""WEB ATTACK \ufffd BRUTE FORCE"", ""WEB ATTACK \ufffd SQL INJECTION""]",0.13533834586466165,0.9918803220730426,0.1504824161529541,0.9567307692307693,0.13533834586466165,0.1504824161529541,,13.206412560662546,13.67916107907715,1.706734645704525,170.67346573985603,206.47683399147354,1,0.01,64,,,,,,,,,,,,False,False,,
1,9,1656,10,0.1376493200659752,0.9548192771084337,0.13711731073757014,0.9548192771084337,0.7524051182833704,0.7448084450498474,0.7448084450498474,0.06015037593984962,"{""0"": 0.9578544061302682, ""1"": 0.9444444444444444, ""2"": 1.0, ""3"": 0.9629629629629629, ""4"": 0.9850746268656716, ""5"": 0.9607843137254902, ""6"": 0.9702970297029703, ""7"": 0.0, ""8"": 0.6666666666666666, ""9"": 0.0}","{""0"": 0.9765625, ""1"": 0.8947368421052632, ""2"": 1.0, ""3"": 0.9285714285714286, ""4"": 0.9705882352941176, ""5"": 0.9423076923076923, ""6"": 0.9607843137254902, ""7"": 0.0, ""8"": 0.5714285714285714, ""9"": 0.0}","{""0"": 0.9398496240601504, ""1"": 1.0, ""2"": 1.0, ""3"": 1.0, ""4"": 1.0, ""5"": 0.98, ""6"": 0.98, ""7"": 0.0, ""8"": 0.8, ""9"": 0.0}","[[125.0, 2.0, 0.0, 0.0, 1.0, 3.0, 2.0, 0.0, 0.0, 0.0], [0.0, 17.0, 0.0, 0.0, 0.0, 0.0, 0.0, 0.0, 0.0, 0.0], [0.0, 0.0, 27.0, 0.0, 0.0, 0.0, 0.0, 0.0, 0.0, 0.0], [0.0, 0.0, 0.0, 13.0, 0.0, 0.0, 0.0, 0.0, 0.0, 0.0], [0.0, 0.0, 0.0, 0.0, 33.0, 0.0, 0.0, 0.0, 0.0, 0.0], [1.0, 0.0, 0.0, 0.0, 0.0, 49.0, 0.0, 0.0, 0.0, 0.0], [1.0, 0.0, 0.0, 0.0, 0.0, 0.0, 49.0, 0.0, 0.0, 0.0], [0.0, 0.0, 0.0, 0.0, 0.0, 0.0, 0.0, 0.0, 3.0, 0.0], [1.0, 0.0, 0.0, 0.0, 0.0, 0.0, 0.0, 0.0, 4.0, 0.0], [0.0, 0.0, 0.0, 1.0, 0.0, 0.0, 0.0, 0.0, 0.0, 0.0]]","[[0.9398496240601504, 0.015037593984962405, 0.0, 0.0, 0.007518796992481203, 0.022556390977443608, 0.015037593984962405, 0.0, 0.0, 0.0], [0.0, 1.0, 0.0, 0.0, 0.0, 0.0, 0.0, 0.0, 0.0, 0.0], [0.0, 0.0, 1.0, 0.0, 0.0, 0.0, 0.0, 0.0, 0.0, 0.0], [0.0, 0.0, 0.0, 1.0, 0.0, 0.0, 0.0, 0.0, 0.0, 0.0], [0.0, 0.0, 0.0, 0.0, 1.0, 0.0, 0.0, 0.0, 0.0, 0.0], [0.02, 0.0, 0.0, 0.0, 0.0, 0.98, 0.0, 0.0, 0.0, 0.0], [0.02, 0.0, 0.0, 0.0, 0.0, 0.0, 0.98, 0.0, 0.0, 0.0], [0.0, 0.0, 0.0, 0.0, 0.0, 0.0, 0.0, 0.0, 1.0, 0.0], [0.2, 0.0, 0.0, 0.0, 0.0, 0.0, 0.0, 0.0, 0.8, 0.0], [0.0, 0.0, 0.0, 1.0, 0.0, 0.0, 0.0, 0.0, 0.0, 0.0]]","[""BENIGN"", ""FTP-PATATOR"", ""DOS GOLDENEYE"", ""SSH-PATATOR"", ""DDOS"", ""PORTSCAN"", ""DOS HULK"", ""WEB ATTACK \ufffd XSS"", ""WEB ATTACK \ufffd BRUTE FORCE"", ""WEB ATTACK \ufffd SQL INJECTION""]",0.09022556390977443,0.9967808410003071,0.20975196361541748,0.9707317073170731,0.09022556390977443,0.20975196361541748,,13.57995638661797,13.988960466936314,1.6676727230517887,166.76727465093603,168.1474579963833,1,0.01,64,,,,,,,,,,,,False,False,,
1,10,1656,10,0.1334930875649055,0.9548192771084337,0.1517723227540652,0.9427710843373494,0.7427601170692946,0.7367484888373229,0.7367484888373229,0.06766917293233088,"{""0"": 0.9429657794676806, ""1"": 0.9444444444444444, ""2"": 1.0, ""3"": 0.9629629629629629, ""4"": 0.9180327868852459, ""5"": 0.970873786407767, ""6"": 0.9615384615384616, ""7"": 0.0, ""8"": 0.6666666666666666, ""9"": 0.0}","{""0"": 0.9538461538461539, ""1"": 0.8947368421052632, ""2"": 1.0, ""3"": 0.9285714285714286, ""4"": 1.0, ""5"": 0.9433962264150944, ""6"": 0.9259259259259259, ""7"": 0.0, ""8"": 0.5714285714285714, ""9"": 0.0}","{""0"": 0.9323308270676691, ""1"": 1.0, ""2"": 1.0, ""3"": 1.0, ""4"": 0.8484848484848485, ""5"": 1.0, ""6"": 1.0, ""7"": 0.0, ""8"": 0.8, ""9"": 0.0}","[[124.0, 2.0, 0.0, 0.0, 0.0, 3.0, 4.0, 0.0, 0.0, 0.0], [0.0, 17.0, 0.0, 0.0, 0.0, 0.0, 0.0, 0.0, 0.0, 0.0], [0.0, 0.0, 27.0, 0.0, 0.0, 0.0, 0.0, 0.0, 0.0, 0.0], [0.0, 0.0, 0.0, 13.0, 0.0, 0.0, 0.0, 0.0, 0.0, 0.0], [5.0, 0.0, 0.0, 0.0, 28.0, 0.0, 0.0, 0.0, 0.0, 0.0], [0.0, 0.0, 0.0, 0.0, 0.0, 50.0, 0.0, 0.0, 0.0, 0.0], [0.0, 0.0, 0.0, 0.0, 0.0, 0.0, 50.0, 0.0, 0.0, 0.0], [0.0, 0.0, 0.0, 0.0, 0.0, 0.0, 0.0, 0.0, 3.0, 0.0], [1.0, 0.0, 0.0, 0.0, 0.0, 0.0, 0.0, 0.0, 4.0, 0.0], [0.0, 0.0, 0.0, 1.0, 0.0, 0.0, 0.0, 0.0, 0.0, 0.0]]","[[0.9323308270676691, 0.015037593984962405, 0.0, 0.0, 0.0, 0.022556390977443608, 0.03007518796992481, 0.0, 0.0, 0.0], [0.0, 1.0, 0.0, 0.0, 0.0, 0.0, 0.0, 0.0, 0.0, 0.0], [0.0, 0.0, 1.0, 0.0, 0.0, 0.0, 0.0, 0.0, 0.0, 0.0], [0.0, 0.0, 0.0, 1.0, 0.0, 0.0, 0.0, 0.0, 0.0, 0.0], [0.15151515151515152, 0.0, 0.0, 0.0, 0.8484848484848485, 0.0, 0.0, 0.0, 0.0, 0.0], [0.0, 0.0, 0.0, 0.0, 0.0, 1.0, 0.0, 0.0, 0.0, 0.0], [0.0, 0.0, 0.0, 0.0, 0.0, 0.0, 1.0, 0.0, 0.0, 0.0], [0.0, 0.0, 0.0, 0.0, 0.0, 0.0, 0.0, 0.0, 1.0, 0.0], [0.2, 0.0, 0.0, 0.0, 0.0, 0.0, 0.0, 0.0, 0.8, 0.0], [0.0, 0.0, 0.0, 1.0, 0.0, 0.0, 0.0, 0.0, 0.0, 0.0]]","[""BENIGN"", ""FTP-PATATOR"", ""DOS GOLDENEYE"", ""SSH-PATATOR"", ""DDOS"", ""PORTSCAN"", ""DOS HULK"", ""WEB ATTACK \ufffd XSS"", ""WEB ATTACK \ufffd BRUTE FORCE"", ""WEB ATTACK \ufffd SQL INJECTION""]",0.09774436090225563,0.9950557067136085,0.1513981819152832,0.9658536585365853,0.09774436090225563,0.1513981819152832,,13.96039908843316,14.41472643535259,1.6013154501495246,160.1315529857473,150.87724999466445,1,0.01,64,,,,,,,,,,,,False,False,,
1,11,1656,10,0.1260552555322647,0.963855421686747,0.15532744551698366,0.9457831325301205,0.7494570786575355,0.7386888573775032,0.7386888573775032,0.09774436090225569,"{""0"": 0.9448818897637795, ""1"": 0.9444444444444444, ""2"": 1.0, ""3"": 0.9629629629629629, ""4"": 0.9166666666666666, ""5"": 0.970873786407767, ""6"": 0.9803921568627451, ""7"": 0.0, ""8"": 0.6666666666666666, ""9"": 0.0}","{""0"": 0.9917355371900827, ""1"": 0.8947368421052632, ""2"": 1.0, ""3"": 0.9285714285714286, ""4"": 0.8461538461538461, ""5"": 0.9433962264150944, ""6"": 0.9615384615384616, ""7"": 0.0, ""8"": 0.5714285714285714, ""9"": 0.0}","{""0"": 0.9022556390977443, ""1"": 1.0, ""2"": 1.0, ""3"": 1.0, ""4"": 1.0, ""5"": 1.0, ""6"": 1.0, ""7"": 0.0, ""8"": 0.8, ""9"": 0.0}","[[120.0, 2.0, 0.0, 0.0, 6.0, 3.0, 2.0, 0.0, 0.0, 0.0], [0.0, 17.0, 0.0, 0.0, 0.0, 0.0, 0.0, 0.0, 0.0, 0.0], [0.0, 0.0, 27.0, 0.0, 0.0, 0.0, 0.0, 0.0, 0.0, 0.0], [0.0, 0.0, 0.0, 13.0, 0.0, 0.0, 0.0, 0.0, 0.0, 0.0], [0.0, 0.0, 0.0, 0.0, 33.0, 0.0, 0.0, 0.0, 0.0, 0.0], [0.0, 0.0, 0.0, 0.0, 0.0, 50.0, 0.0, 0.0, 0.0, 0.0], [0.0, 0.0, 0.0, 0.0, 0.0, 0.0, 50.0, 0.0, 0.0, 0.0], [0.0, 0.0, 0.0, 0.0, 0.0, 0.0, 0.0, 0.0, 3.0, 0.0], [1.0, 0.0, 0.0, 0.0, 0.0, 0.0, 0.0, 0.0, 4.0, 0.0], [0.0, 0.0, 0.0, 1.0, 0.0, 0.0, 0.0, 0.0, 0.0, 0.0]]","[[0.9022556390977443, 0.015037593984962405, 0.0, 0.0, 0.045112781954887216, 0.022556390977443608, 0.015037593984962405, 0.0, 0.0, 0.0], [0.0, 1.0, 0.0, 0.0, 0.0, 0.0, 0.0, 0.0, 0.0, 0.0], [0.0, 0.0, 1.0, 0.0, 0.0, 0.0, 0.0, 0.0, 0.0, 0.0], [0.0, 0.0, 0.0, 1.0, 0.0, 0.0, 0.0, 0.0, 0.0, 0.0], [0.0, 0.0, 0.0, 0.0, 1.0, 0.0, 0.0, 0.0, 0.0, 0.0], [0.0, 0.0, 0.0, 0.0, 0.0, 1.0, 0.0, 0.0, 0.0, 0.0], [0.0, 0.0, 0.0, 0.0, 0.0, 0.0, 1.0, 0.0, 0.0, 0.0], [0.0, 0.0, 0.0, 0.0, 0.0, 0.0, 0.0, 0.0, 1.0, 0.0], [0.2, 0.0, 0.0, 0.0, 0.0, 0.0, 0.0, 0.0, 0.8, 0.0], [0.0, 0.0, 0.0, 1.0, 0.0, 0.0, 0.0, 0.0, 0.0, 0.0]]","[""BENIGN"", ""FTP-PATATOR"", ""DOS GOLDENEYE"", ""SSH-PATATOR"", ""DDOS"", ""PORTSCAN"", ""DOS HULK"", ""WEB ATTACK \ufffd XSS"", ""WEB ATTACK \ufffd BRUTE FORCE"", ""WEB ATTACK \ufffd SQL INJECTION""]",0.045112781954887216,0.9948832854501674,0.9107518196105957,0.9487179487179487,0.045112781954887216,0.9107518196105957,,14.33330649677895,14.792084417913767,1.6521006680419381,165.21007101613094,173.90629099099897,1,0.01,64,,,,,,,,,,,,False,False,,
1,12,1656,10,0.12236133962869644,0.9487951807228916,0.14370151919623217,0.9548192771084337,0.7403937089976457,0.7446298581334191,0.7446298581334191,0.045112781954887216,"{""0"": 0.9584905660377359, ""1"": 0.9714285714285714, ""2"": 1.0, ""3"": 0.9629629629629629, ""4"": 0.9354838709677419, ""5"": 0.970873786407767, ""6"": 0.9803921568627451, ""7"": 0.0, ""8"": 0.6666666666666666, ""9"": 0.0}","{""0"": 0.9621212121212122, ""1"": 0.9444444444444444, ""2"": 1.0, ""3"": 0.9285714285714286, ""4"": 1.0, ""5"": 0.9433962264150944, ""6"": 0.9615384615384616, ""7"": 0.0, ""8"": 0.5714285714285714, ""9"": 0.0}","{""0"": 0.9548872180451128, ""1"": 1.0, ""2"": 1.0, ""3"": 1.0, ""4"": 0.8787878787878788, ""5"": 1.0, ""6"": 1.0, ""7"": 0.0, ""8"": 0.8, ""9"": 0.0}","[[127.0, 1.0, 0.0, 0.0, 0.0, 3.0, 2.0, 0.0, 0.0, 0.0], [0.0, 17.0, 0.0, 0.0, 0.0, 0.0, 0.0, 0.0, 0.0, 0.0], [0.0, 0.0, 27.0, 0.0, 0.0, 0.0, 0.0, 0.0, 0.0, 0.0], [0.0, 0.0, 0.0, 13.0, 0.0, 0.0, 0.0, 0.0, 0.0, 0.0], [4.0, 0.0, 0.0, 0.0, 29.0, 0.0, 0.0, 0.0, 0.0, 0.0], [0.0, 0.0, 0.0, 0.0, 0.0, 50.0, 0.0, 0.0, 0.0, 0.0], [0.0, 0.0, 0.0, 0.0, 0.0, 0.0, 50.0, 0.0, 0.0, 0.0], [0.0, 0.0, 0.0, 0.0, 0.0, 0.0, 0.0, 0.0, 3.0, 0.0], [1.0, 0.0, 0.0, 0.0, 0.0, 0.0, 0.0, 0.0, 4.0, 0.0], [0.0, 0.0, 0.0, 1.0, 0.0, 0.0, 0.0, 0.0, 0.0, 0.0]]","[[0.9548872180451128, 0.007518796992481203, 0.0, 0.0, 0.0, 0.022556390977443608, 0.015037593984962405, 0.0, 0.0, 0.0], [0.0, 1.0, 0.0, 0.0, 0.0, 0.0, 0.0, 0.0, 0.0, 0.0], [0.0, 0.0, 1.0, 0.0, 0.0, 0.0, 0.0, 0.0, 0.0, 0.0], [0.0, 0.0, 0.0, 1.0, 0.0, 0.0, 0.0, 0.0, 0.0, 0.0], [0.12121212121212122, 0.0, 0.0, 0.0, 0.8787878787878788, 0.0, 0.0, 0.0, 0.0, 0.0], [0.0, 0.0, 0.0, 0.0, 0.0, 1.0, 0.0, 0.0, 0.0, 0.0], [0.0, 0.0, 0.0, 0.0, 0.0, 0.0, 1.0, 0.0, 0.0, 0.0], [0.0, 0.0, 0.0, 0.0, 0.0, 0.0, 0.0, 0.0, 1.0, 0.0], [0.2, 0.0, 0.0, 0.0, 0.0, 0.0, 0.0, 0.0, 0.8, 0.0], [0.0, 0.0, 0.0, 1.0, 0.0, 0.0, 0.0, 0.0, 0.0, 0.0]]","[""BENIGN"", ""FTP-PATATOR"", ""DOS GOLDENEYE"", ""SSH-PATATOR"", ""DDOS"", ""PORTSCAN"", ""DOS HULK"", ""WEB ATTACK \ufffd XSS"", ""WEB ATTACK \ufffd BRUTE FORCE"", ""WEB ATTACK \ufffd SQL INJECTION""]",0.12030075187969924,0.9955861862688653,0.09125411510467529,0.961352657004831,0.12030075187969924,0.09125411510467529,,14.693833152964885,15.078848581296208,1.885136173381384,188.51361897899542,165.53458300768398,1,0.01,64,,,,,,,,,,,,False,False,,
1,13,1656,10,0.11800232777992885,0.9668674698795181,0.1217028455187877,0.9608433734939759,0.7600877092881662,0.7475472643339282,0.7475472643339282,0.052631578947368474,"{""0"": 0.9655172413793104, ""1"": 0.9444444444444444, ""2"": 1.0, ""3"": 0.9629629629629629, ""4"": 0.9846153846153847, ""5"": 0.970873786407767, ""6"": 0.9803921568627451, ""7"": 0.0, ""8"": 0.6666666666666666, ""9"": 0.0}","{""0"": 0.984375, ""1"": 0.8947368421052632, ""2"": 1.0, ""3"": 0.9285714285714286, ""4"": 1.0, ""5"": 0.9433962264150944, ""6"": 0.9615384615384616, ""7"": 0.0, ""8"": 0.5714285714285714, ""9"": 0.0}","{""0"": 0.9473684210526315, ""1"": 1.0, ""2"": 1.0, ""3"": 1.0, ""4"": 0.9696969696969697, ""5"": 1.0, ""6"": 1.0, ""7"": 0.0, ""8"": 0.8, ""9"": 0.0}","[[126.0, 2.0, 0.0, 0.0, 0.0, 3.0, 2.0, 0.0, 0.0, 0.0], [0.0, 17.0, 0.0, 0.0, 0.0, 0.0, 0.0, 0.0, 0.0, 0.0], [0.0, 0.0, 27.0, 0.0, 0.0, 0.0, 0.0, 0.0, 0.0, 0.0], [0.0, 0.0, 0.0, 13.0, 0.0, 0.0, 0.0, 0.0, 0.0, 0.0], [1.0, 0.0, 0.0, 0.0, 32.0, 0.0, 0.0, 0.0, 0.0, 0.0], [0.0, 0.0, 0.0, 0.0, 0.0, 50.0, 0.0, 0.0, 0.0, 0.0], [0.0, 0.0, 0.0, 0.0, 0.0, 0.0, 50.0, 0.0, 0.0, 0.0], [0.0, 0.0, 0.0, 0.0, 0.0, 0.0, 0.0, 0.0, 3.0, 0.0], [1.0, 0.0, 0.0, 0.0, 0.0, 0.0, 0.0, 0.0, 4.0, 0.0], [0.0, 0.0, 0.0, 1.0, 0.0, 0.0, 0.0, 0.0, 0.0, 0.0]]","[[0.9473684210526315, 0.015037593984962405, 0.0, 0.0, 0.0, 0.022556390977443608, 0.015037593984962405, 0.0, 0.0, 0.0], [0.0, 1.0, 0.0, 0.0, 0.0, 0.0, 0.0, 0.0, 0.0, 0.0], [0.0, 0.0, 1.0, 0.0, 0.0, 0.0, 0.0, 0.0, 0.0, 0.0], [0.0, 0.0, 0.0, 1.0, 0.0, 0.0, 0.0, 0.0, 0.0, 0.0], [0.030303030303030304, 0.0, 0.0, 0.0, 0.9696969696969697, 0.0, 0.0, 0.0, 0.0, 0.0], [0.0, 0.0, 0.0, 0.0, 0.0, 1.0, 0.0, 0.0, 0.0, 0.0], [0.0, 0.0, 0.0, 0.0, 0.0, 0.0, 1.0, 0.0, 0.0, 0.0], [0.0, 0.0, 0.0, 0.0, 0.0, 0.0, 0.0, 0.0, 1.0, 0.0], [0.2, 0.0, 0.0, 0.0, 0.0, 0.0, 0.0, 0.0, 0.8, 0.0], [0.0, 0.0, 0.0, 1.0, 0.0, 0.0, 0.0, 0.0, 0.0, 0.0]]","[""BENIGN"", ""FTP-PATATOR"", ""DOS GOLDENEYE"", ""SSH-PATATOR"", ""DDOS"", ""PORTSCAN"", ""DOS HULK"", ""WEB ATTACK \ufffd XSS"", ""WEB ATTACK \ufffd BRUTE FORCE"", ""WEB ATTACK \ufffd SQL INJECTION""]",0.09774436090225563,0.9972458985896786,0.12059181928634644,0.9683698296836983,0.09774436090225563,0.12059181928634644,,15.04109133770815,15.420533478429379,1.5815347380245817,158.1534776276925,125.98133299616165,1,0.01,64,,,,,,,,,,,,False,False,,
1,14,1656,10,0.12460501367847125,0.963855421686747,0.11928563565015793,0.9578313253012049,0.7581970994836376,0.7552385976035406,0.7552385976035406,0.03759398496240607,"{""0"": 0.9624060150375939, ""1"": 0.9714285714285714, ""2"": 1.0, ""3"": 0.9629629629629629, ""4"": 0.9354838709677419, ""5"": 0.970873786407767, ""6"": 0.98, ""7"": 0.0, ""8"": 0.7692307692307693, ""9"": 0.0}","{""0"": 0.9624060150375939, ""1"": 0.9444444444444444, ""2"": 1.0, ""3"": 0.9285714285714286, ""4"": 1.0, ""5"": 0.9433962264150944, ""6"": 0.98, ""7"": 0.0, ""8"": 0.625, ""9"": 0.0}","{""0"": 0.9624060150375939, ""1"": 1.0, ""2"": 1.0, ""3"": 1.0, ""4"": 0.8787878787878788, ""5"": 1.0, ""6"": 0.98, ""7"": 0.0, ""8"": 1.0, ""9"": 0.0}","[[128.0, 1.0, 0.0, 0.0, 0.0, 3.0, 1.0, 0.0, 0.0, 0.0], [0.0, 17.0, 0.0, 0.0, 0.0, 0.0, 0.0, 0.0, 0.0, 0.0], [0.0, 0.0, 27.0, 0.0, 0.0, 0.0, 0.0, 0.0, 0.0, 0.0], [0.0, 0.0, 0.0, 13.0, 0.0, 0.0, 0.0, 0.0, 0.0, 0.0], [4.0, 0.0, 0.0, 0.0, 29.0, 0.0, 0.0, 0.0, 0.0, 0.0], [0.0, 0.0, 0.0, 0.0, 0.0, 50.0, 0.0, 0.0, 0.0, 0.0], [1.0, 0.0, 0.0, 0.0, 0.0, 0.0, 49.0, 0.0, 0.0, 0.0], [0.0, 0.0, 0.0, 0.0, 0.0, 0.0, 0.0, 0.0, 3.0, 0.0], [0.0, 0.0, 0.0, 0.0, 0.0, 0.0, 0.0, 0.0, 5.0, 0.0], [0.0, 0.0, 0.0, 1.0, 0.0, 0.0, 0.0, 0.0, 0.0, 0.0]]","[[0.9624060150375939, 0.007518796992481203, 0.0, 0.0, 0.0, 0.022556390977443608, 0.007518796992481203, 0.0, 0.0, 0.0], [0.0, 1.0, 0.0, 0.0, 0.0, 0.0, 0.0, 0.0, 0.0, 0.0], [0.0, 0.0, 1.0, 0.0, 0.0, 0.0, 0.0, 0.0, 0.0, 0.0], [0.0, 0.0, 0.0, 1.0, 0.0, 0.0, 0.0, 0.0, 0.0, 0.0], [0.12121212121212122, 0.0, 0.0, 0.0, 0.8787878787878788, 0.0, 0.0, 0.0, 0.0, 0.0], [0.0, 0.0, 0.0, 0.0, 0.0, 1.0, 0.0, 0.0, 0.0, 0.0], [0.02, 0.0, 0.0, 0.0, 0.0, 0.0, 0.98, 0.0, 0.0, 0.0], [0.0, 0.0, 0.0, 0.0, 0.0, 0.0, 0.0, 0.0, 1.0, 0.0], [0.0, 0.0, 0.0, 0.0, 0.0, 0.0, 0.0, 0.0, 1.0, 0.0], [0.0, 0.0, 0.0, 1.0, 0.0, 0.0, 0.0, 0.0, 0.0, 0.0]]","[""BENIGN"", ""FTP-PATATOR"", ""DOS GOLDENEYE"", ""SSH-PATATOR"", ""DDOS"", ""PORTSCAN"", ""DOS HULK"", ""WEB ATTACK \ufffd XSS"", ""WEB ATTACK \ufffd BRUTE FORCE"", ""WEB ATTACK \ufffd SQL INJECTION""]",0.10526315789473684,0.9970747503262398,0.03425741195678711,0.9660194174757282,0.10526315789473684,0.03425741195678711,,15.40743897175513,15.867935607230965,1.8607165152601735,186.07166440701425,169.550500009791,1,0.01,64,,,,,,,,,,,,False,False,,
1,15,1656,10,0.12137912834684055,0.963855421686747,0.14037004051109156,0.9457831325301205,0.7571370842445179,0.7442008969224806,0.7442008969224806,0.10526315789473684,"{""0"": 0.9444444444444444, ""1"": 0.918918918918919, ""2"": 1.0, ""3"": 0.9285714285714286, ""4"": 0.9295774647887324, ""5"": 0.970873786407767, ""6"": 0.9803921568627451, ""7"": 0.0, ""8"": 0.7692307692307693, ""9"": 0.0}","{""0"": 1.0, ""1"": 0.85, ""2"": 1.0, ""3"": 0.8666666666666667, ""4"": 0.868421052631579, ""5"": 0.9433962264150944, ""6"": 0.9615384615384616, ""7"": 0.0, ""8"": 0.625, ""9"": 0.0}","{""0"": 0.8947368421052632, ""1"": 1.0, ""2"": 1.0, ""3"": 1.0, ""4"": 1.0, ""5"": 1.0, ""6"": 1.0, ""7"": 0.0, ""8"": 1.0, ""9"": 0.0}","[[119.0, 3.0, 0.0, 1.0, 5.0, 3.0, 2.0, 0.0, 0.0, 0.0], [0.0, 17.0, 0.0, 0.0, 0.0, 0.0, 0.0, 0.0, 0.0, 0.0], [0.0, 0.0, 27.0, 0.0, 0.0, 0.0, 0.0, 0.0, 0.0, 0.0], [0.0, 0.0, 0.0, 13.0, 0.0, 0.0, 0.0, 0.0, 0.0, 0.0], [0.0, 0.0, 0.0, 0.0, 33.0, 0.0, 0.0, 0.0, 0.0, 0.0], [0.0, 0.0, 0.0, 0.0, 0.0, 50.0, 0.0, 0.0, 0.0, 0.0], [0.0, 0.0, 0.0, 0.0, 0.0, 0.0, 50.0, 0.0, 0.0, 0.0], [0.0, 0.0, 0.0, 0.0, 0.0, 0.0, 0.0, 0.0, 3.0, 0.0], [0.0, 0.0, 0.0, 0.0, 0.0, 0.0, 0.0, 0.0, 5.0, 0.0], [0.0, 0.0, 0.0, 1.0, 0.0, 0.0, 0.0, 0.0, 0.0, 0.0]]","[[0.8947368421052632, 0.022556390977443608, 0.0, 0.007518796992481203, 0.03759398496240601, 0.022556390977443608, 0.015037593984962405, 0.0, 0.0, 0.0], [0.0, 1.0, 0.0, 0.0, 0.0, 0.0, 0.0, 0.0, 0.0, 0.0], [0.0, 0.0, 1.0, 0.0, 0.0, 0.0, 0.0, 0.0, 0.0, 0.0], [0.0, 0.0, 0.0, 1.0, 0.0, 0.0, 0.0, 0.0, 0.0, 0.0], [0.0, 0.0, 0.0, 0.0, 1.0, 0.0, 0.0, 0.0, 0.0, 0.0], [0.0, 0.0, 0.0, 0.0, 0.0, 1.0, 0.0, 0.0, 0.0, 0.0], [0.0, 0.0, 0.0, 0.0, 0.0, 0.0, 1.0, 0.0, 0.0, 0.0], [0.0, 0.0, 0.0, 0.0, 0.0, 0.0, 0.0, 0.0, 1.0, 0.0], [0.0, 0.0, 0.0, 0.0, 0.0, 0.0, 0.0, 0.0, 1.0, 0.0], [0.0, 0.0, 0.0, 1.0, 0.0, 0.0, 0.0, 0.0, 0.0, 0.0]]","[""BENIGN"", ""FTP-PATATOR"", ""DOS GOLDENEYE"", ""SSH-PATATOR"", ""DDOS"", ""PORTSCAN"", ""DOS HULK"", ""WEB ATTACK \ufffd XSS"", ""WEB ATTACK \ufffd BRUTE FORCE"", ""WEB ATTACK \ufffd SQL INJECTION""]",0.10526315789473684,0.9968399400623393,0.5586991310119629,0.9660194174757282,0.10526315789473684,0.5586991310119629,,15.74695279998698,16.216361423045825,1.7766376145863525,177.6637632527588,130.25450000714045,1,0.01,64,,,,,,,,,,,,False,False,,
1,16,1656,10,0.13253376136223474,0.9608433734939759,0.13172524919112524,0.9608433734939759,0.7563472899949888,0.7465065457070026,0.7465065457070026,0.06015037593984962,"{""0"": 0.9652509652509652, ""1"": 0.918918918918919, ""2"": 1.0, ""3"": 0.9629629629629629, ""4"": 1.0, ""5"": 0.970873786407767, ""6"": 0.9803921568627451, ""7"": 0.0, ""8"": 0.6666666666666666, ""9"": 0.0}","{""0"": 0.9920634920634921, ""1"": 0.85, ""2"": 1.0, ""3"": 0.9285714285714286, ""4"": 1.0, ""5"": 0.9433962264150944, ""6"": 0.9615384615384616, ""7"": 0.0, ""8"": 0.5714285714285714, ""9"": 0.0}","{""0"": 0.9398496240601504, ""1"": 1.0, ""2"": 1.0, ""3"": 1.0, ""4"": 1.0, ""5"": 1.0, ""6"": 1.0, ""7"": 0.0, ""8"": 0.8, ""9"": 0.0}","[[125.0, 3.0, 0.0, 0.0, 0.0, 3.0, 2.0, 0.0, 0.0, 0.0], [0.0, 17.0, 0.0, 0.0, 0.0, 0.0, 0.0, 0.0, 0.0, 0.0], [0.0, 0.0, 27.0, 0.0, 0.0, 0.0, 0.0, 0.0, 0.0, 0.0], [0.0, 0.0, 0.0, 13.0, 0.0, 0.0, 0.0, 0.0, 0.0, 0.0], [0.0, 0.0, 0.0, 0.0, 33.0, 0.0, 0.0, 0.0, 0.0, 0.0], [0.0, 0.0, 0.0, 0.0, 0.0, 50.0, 0.0, 0.0, 0.0, 0.0], [0.0, 0.0, 0.0, 0.0, 0.0, 0.0, 50.0, 0.0, 0.0, 0.0], [0.0, 0.0, 0.0, 0.0, 0.0, 0.0, 0.0, 0.0, 3.0, 0.0], [1.0, 0.0, 0.0, 0.0, 0.0, 0.0, 0.0, 0.0, 4.0, 0.0], [0.0, 0.0, 0.0, 1.0, 0.0, 0.0, 0.0, 0.0, 0.0, 0.0]]","[[0.9398496240601504, 0.022556390977443608, 0.0, 0.0, 0.0, 0.022556390977443608, 0.015037593984962405, 0.0, 0.0, 0.0], [0.0, 1.0, 0.0, 0.0, 0.0, 0.0, 0.0, 0.0, 0.0, 0.0], [0.0, 0.0, 1.0, 0.0, 0.0, 0.0, 0.0, 0.0, 0.0, 0.0], [0.0, 0.0, 0.0, 1.0, 0.0, 0.0, 0.0, 0.0, 0.0, 0.0], [0.0, 0.0, 0.0, 0.0, 1.0, 0.0, 0.0, 0.0, 0.0, 0.0], [0.0, 0.0, 0.0, 0.0, 0.0, 1.0, 0.0, 0.0, 0.0, 0.0], [0.0, 0.0, 0.0, 0.0, 0.0, 0.0, 1.0, 0.0, 0.0, 0.0], [0.0, 0.0, 0.0, 0.0, 0.0, 0.0, 0.0, 0.0, 1.0, 0.0], [0.2, 0.0, 0.0, 0.0, 0.0, 0.0, 0.0, 0.0, 0.8, 0.0], [0.0, 0.0, 0.0, 1.0, 0.0, 0.0, 0.0, 0.0, 0.0, 0.0]]","[""BENIGN"", ""FTP-PATATOR"", ""DOS GOLDENEYE"", ""SSH-PATATOR"", ""DDOS"", ""PORTSCAN"", ""DOS HULK"", ""WEB ATTACK \ufffd XSS"", ""WEB ATTACK \ufffd BRUTE FORCE"", ""WEB ATTACK \ufffd SQL INJECTION""]",0.09774436090225563,0.9960930811099062,0.1605103611946106,0.9683698296836983,0.09774436090225563,0.1605103611946106,,16.089466357267955,16.486420827170445,1.667971749423075,166.79717628183784,122.91929200000595,1,0.01,64,,,,,,,,,,,,False,False,,
1,17,1656,10,0.12381951821347077,0.9608433734939759,0.13772004718581835,0.9608433734939759,0.7552433765995916,0.7475472643339282,0.7475472643339282,0.052631578947368474,"{""0"": 0.9655172413793104, ""1"": 0.9444444444444444, ""2"": 1.0, ""3"": 0.9629629629629629, ""4"": 0.9846153846153847, ""5"": 0.970873786407767, ""6"": 0.9803921568627451, ""7"": 0.0, ""8"": 0.6666666666666666, ""9"": 0.0}","{""0"": 0.984375, ""1"": 0.8947368421052632, ""2"": 1.0, ""3"": 0.9285714285714286, ""4"": 1.0, ""5"": 0.9433962264150944, ""6"": 0.9615384615384616, ""7"": 0.0, ""8"": 0.5714285714285714, ""9"": 0.0}","{""0"": 0.9473684210526315, ""1"": 1.0, ""2"": 1.0, ""3"": 1.0, ""4"": 0.9696969696969697, ""5"": 1.0, ""6"": 1.0, ""7"": 0.0, ""8"": 0.8, ""9"": 0.0}","[[126.0, 2.0, 0.0, 0.0, 0.0, 3.0, 2.0, 0.0, 0.0, 0.0], [0.0, 17.0, 0.0, 0.0, 0.0, 0.0, 0.0, 0.0, 0.0, 0.0], [0.0, 0.0, 27.0, 0.0, 0.0, 0.0, 0.0, 0.0, 0.0, 0.0], [0.0, 0.0, 0.0, 13.0, 0.0, 0.0, 0.0, 0.0, 0.0, 0.0], [1.0, 0.0, 0.0, 0.0, 32.0, 0.0, 0.0, 0.0, 0.0, 0.0], [0.0, 0.0, 0.0, 0.0, 0.0, 50.0, 0.0, 0.0, 0.0, 0.0], [0.0, 0.0, 0.0, 0.0, 0.0, 0.0, 50.0, 0.0, 0.0, 0.0], [0.0, 0.0, 0.0, 0.0, 0.0, 0.0, 0.0, 0.0, 3.0, 0.0], [1.0, 0.0, 0.0, 0.0, 0.0, 0.0, 0.0, 0.0, 4.0, 0.0], [0.0, 0.0, 0.0, 1.0, 0.0, 0.0, 0.0, 0.0, 0.0, 0.0]]","[[0.9473684210526315, 0.015037593984962405, 0.0, 0.0, 0.0, 0.022556390977443608, 0.015037593984962405, 0.0, 0.0, 0.0], [0.0, 1.0, 0.0, 0.0, 0.0, 0.0, 0.0, 0.0, 0.0, 0.0], [0.0, 0.0, 1.0, 0.0, 0.0, 0.0, 0.0, 0.0, 0.0, 0.0], [0.0, 0.0, 0.0, 1.0, 0.0, 0.0, 0.0, 0.0, 0.0, 0.0], [0.030303030303030304, 0.0, 0.0, 0.0, 0.9696969696969697, 0.0, 0.0, 0.0, 0.0, 0.0], [0.0, 0.0, 0.0, 0.0, 0.0, 1.0, 0.0, 0.0, 0.0, 0.0], [0.0, 0.0, 0.0, 0.0, 0.0, 0.0, 1.0, 0.0, 0.0, 0.0], [0.0, 0.0, 0.0, 0.0, 0.0, 0.0, 0.0, 0.0, 1.0, 0.0], [0.2, 0.0, 0.0, 0.0, 0.0, 0.0, 0.0, 0.0, 0.8, 0.0], [0.0, 0.0, 0.0, 1.0, 0.0, 0.0, 0.0, 0.0, 0.0, 0.0]]","[""BENIGN"", ""FTP-PATATOR"", ""DOS GOLDENEYE"", ""SSH-PATATOR"", ""DDOS"", ""PORTSCAN"", ""DOS HULK"", ""WEB ATTACK \ufffd XSS"", ""WEB ATTACK \ufffd BRUTE FORCE"", ""WEB ATTACK \ufffd SQL INJECTION""]",0.045112781954887216,0.9966160788029179,0.6588473320007324,0.975,0.045112781954887216,0.6588473320007324,,16.442635122983454,16.796034468978217,1.4705270415467646,147.05270983479727,106.88112500065472,1,0.01,64,,,,,,,,,,,,False,False,,
1,18,1656,10,0.1120764793207248,0.9668674698795181,0.10993475715319316,0.963855421686747,0.7600877092881662,0.7627764484474936,0.7627764484474936,0.06015037593984962,"{""0"": 0.9652509652509652, ""1"": 0.9714285714285714, ""2"": 1.0, ""3"": 1.0, ""4"": 0.9705882352941176, ""5"": 0.970873786407767, ""6"": 0.9803921568627451, ""7"": 0.0, ""8"": 0.7692307692307693, ""9"": 0.0}","{""0"": 0.9920634920634921, ""1"": 0.9444444444444444, ""2"": 1.0, ""3"": 1.0, ""4"": 0.9428571428571428, ""5"": 0.9433962264150944, ""6"": 0.9615384615384616, ""7"": 0.0, ""8"": 0.625, ""9"": 0.0}","{""0"": 0.9398496240601504, ""1"": 1.0, ""2"": 1.0, ""3"": 1.0, ""4"": 1.0, ""5"": 1.0, ""6"": 1.0, ""7"": 0.0, ""8"": 1.0, ""9"": 0.0}","[[125.0, 1.0, 0.0, 0.0, 2.0, 3.0, 2.0, 0.0, 0.0, 0.0], [0.0, 17.0, 0.0, 0.0, 0.0, 0.0, 0.0, 0.0, 0.0, 0.0], [0.0, 0.0, 27.0, 0.0, 0.0, 0.0, 0.0, 0.0, 0.0, 0.0], [0.0, 0.0, 0.0, 13.0, 0.0, 0.0, 0.0, 0.0, 0.0, 0.0], [0.0, 0.0, 0.0, 0.0, 33.0, 0.0, 0.0, 0.0, 0.0, 0.0], [0.0, 0.0, 0.0, 0.0, 0.0, 50.0, 0.0, 0.0, 0.0, 0.0], [0.0, 0.0, 0.0, 0.0, 0.0, 0.0, 50.0, 0.0, 0.0, 0.0], [0.0, 0.0, 0.0, 0.0, 0.0, 0.0, 0.0, 0.0, 3.0, 0.0], [0.0, 0.0, 0.0, 0.0, 0.0, 0.0, 0.0, 0.0, 5.0, 0.0], [1.0, 0.0, 0.0, 0.0, 0.0, 0.0, 0.0, 0.0, 0.0, 0.0]]","[[0.9398496240601504, 0.007518796992481203, 0.0, 0.0, 0.015037593984962405, 0.022556390977443608, 0.015037593984962405, 0.0, 0.0, 0.0], [0.0, 1.0, 0.0, 0.0, 0.0, 0.0, 0.0, 0.0, 0.0, 0.0], [0.0, 0.0, 1.0, 0.0, 0.0, 0.0, 0.0, 0.0, 0.0, 0.0], [0.0, 0.0, 0.0, 1.0, 0.0, 0.0, 0.0, 0.0, 0.0, 0.0], [0.0, 0.0, 0.0, 0.0, 1.0, 0.0, 0.0, 0.0, 0.0, 0.0], [0.0, 0.0, 0.0, 0.0, 0.0, 1.0, 0.0, 0.0, 0.0, 0.0], [0.0, 0.0, 0.0, 0.0, 0.0, 0.0, 1.0, 0.0, 0.0, 0.0], [0.0, 0.0, 0.0, 0.0, 0.0, 0.0, 0.0, 0.0, 1.0, 0.0], [0.0, 0.0, 0.0, 0.0, 0.0, 0.0, 0.0, 0.0, 1.0, 0.0], [1.0, 0.0, 0.0, 0.0, 0.0, 0.0, 0.0, 0.0, 0.0, 0.0]]","[""BENIGN"", ""FTP-PATATOR"", ""DOS GOLDENEYE"", ""SSH-PATATOR"", ""DDOS"", ""PORTSCAN"", ""DOS HULK"", ""WEB ATTACK \ufffd XSS"", ""WEB ATTACK \ufffd BRUTE FORCE"", ""WEB ATTACK \ufffd SQL INJECTION""]",0.045112781954887216,0.9991052795339979,0.7593633532524109,0.9800995024875622,0.045112781954887216,0.7593633532524109,,16.767880605325455,17.082327818547817,1.5885610401263304,158.85611467945142,109.62904199550394,1,0.01,64,,,,,,,,,,,,False,False,,
1,19,1656,10,0.11449780408293009,0.963855421686747,0.11059276883800824,0.9698795180722891,0.7764979656984226,0.7631811323815894,0.7631811323815894,0.045112781954887216,"{""0"": 0.9769230769230769, ""1"": 0.9714285714285714, ""2"": 1.0, ""3"": 0.9629629629629629, ""4"": 1.0, ""5"": 0.970873786407767, ""6"": 0.9803921568627451, ""7"": 0.0, ""8"": 0.7692307692307693, ""9"": 0.0}","{""0"": 1.0, ""1"": 0.9444444444444444, ""2"": 1.0, ""3"": 0.9285714285714286, ""4"": 1.0, ""5"": 0.9433962264150944, ""6"": 0.9615384615384616, ""7"": 0.0, ""8"": 0.625, ""9"": 0.0}","{""0"": 0.9548872180451128, ""1"": 1.0, ""2"": 1.0, ""3"": 1.0, ""4"": 1.0, ""5"": 1.0, ""6"": 1.0, ""7"": 0.0, ""8"": 1.0, ""9"": 0.0}","[[127.0, 1.0, 0.0, 0.0, 0.0, 3.0, 2.0, 0.0, 0.0, 0.0], [0.0, 17.0, 0.0, 0.0, 0.0, 0.0, 0.0, 0.0, 0.0, 0.0], [0.0, 0.0, 27.0, 0.0, 0.0, 0.0, 0.0, 0.0, 0.0, 0.0], [0.0, 0.0, 0.0, 13.0, 0.0, 0.0, 0.0, 0.0, 0.0, 0.0], [0.0, 0.0, 0.0, 0.0, 33.0, 0.0, 0.0, 0.0, 0.0, 0.0], [0.0, 0.0, 0.0, 0.0, 0.0, 50.0, 0.0, 0.0, 0.0, 0.0], [0.0, 0.0, 0.0, 0.0, 0.0, 0.0, 50.0, 0.0, 0.0, 0.0], [0.0, 0.0, 0.0, 0.0, 0.0, 0.0, 0.0, 0.0, 3.0, 0.0], [0.0, 0.0, 0.0, 0.0, 0.0, 0.0, 0.0, 0.0, 5.0, 0.0], [0.0, 0.0, 0.0, 1.0, 0.0, 0.0, 0.0, 0.0, 0.0, 0.0]]","[[0.9548872180451128, 0.007518796992481203, 0.0, 0.0, 0.0, 0.022556390977443608, 0.015037593984962405, 0.0, 0.0, 0.0], [0.0, 1.0, 0.0, 0.0, 0.0, 0.0, 0.0, 0.0, 0.0, 0.0], [0.0, 0.0, 1.0, 0.0, 0.0, 0.0, 0.0, 0.0, 0.0, 0.0], [0.0, 0.0, 0.0, 1.0, 0.0, 0.0, 0.0, 0.0, 0.0, 0.0], [0.0, 0.0, 0.0, 0.0, 1.0, 0.0, 0.0, 0.0, 0.0, 0.0], [0.0, 0.0, 0.0, 0.0, 0.0, 1.0, 0.0, 0.0, 0.0, 0.0], [0.0, 0.0, 0.0, 0.0, 0.0, 0.0, 1.0, 0.0, 0.0, 0.0], [0.0, 0.0, 0.0, 0.0, 0.0, 0.0, 0.0, 0.0, 1.0, 0.0], [0.0, 0.0, 0.0, 0.0, 0.0, 0.0, 0.0, 0.0, 1.0, 0.0], [0.0, 0.0, 0.0, 1.0, 0.0, 0.0, 0.0, 0.0, 0.0, 0.0]]","[""BENIGN"", ""FTP-PATATOR"", ""DOS GOLDENEYE"", ""SSH-PATATOR"", ""DDOS"", ""PORTSCAN"", ""DOS HULK"", ""WEB ATTACK \ufffd XSS"", ""WEB ATTACK \ufffd BRUTE FORCE"", ""WEB ATTACK \ufffd SQL INJECTION""]",0.12030075187969924,0.9986610145020511,0.03181201219558716,0.961352657004831,0.12030075187969924,0.03181201219558716,,17.049458453067402,17.46186601785681,1.9992379449420035,199.9237919765094,106.17729199293535,1,0.01,64,,,,,,,,,,,,False,False,,
1,20,1656,10,0.11427618252734344,0.9668674698795181,0.12633325159549713,0.963855421686747,0.7600877092881662,0.7581970994836376,0.7581970994836376,0.06015037593984962,"{""0"": 0.9689922480620154, ""1"": 0.9444444444444444, ""2"": 1.0, ""3"": 0.9629629629629629, ""4"": 0.9850746268656716, ""5"": 0.970873786407767, ""6"": 0.9803921568627451, ""7"": 0.0, ""8"": 0.7692307692307693, ""9"": 0.0}","{""0"": 1.0, ""1"": 0.8947368421052632, ""2"": 1.0, ""3"": 0.9285714285714286, ""4"": 0.9705882352941176, ""5"": 0.9433962264150944, ""6"": 0.9615384615384616, ""7"": 0.0, ""8"": 0.625, ""9"": 0.0}","{""0"": 0.9398496240601504, ""1"": 1.0, ""2"": 1.0, ""3"": 1.0, ""4"": 1.0, ""5"": 1.0, ""6"": 1.0, ""7"": 0.0, ""8"": 1.0, ""9"": 0.0}","[[125.0, 2.0, 0.0, 0.0, 1.0, 3.0, 2.0, 0.0, 0.0, 0.0], [0.0, 17.0, 0.0, 0.0, 0.0, 0.0, 0.0, 0.0, 0.0, 0.0], [0.0, 0.0, 27.0, 0.0, 0.0, 0.0, 0.0, 0.0, 0.0, 0.0], [0.0, 0.0, 0.0, 13.0, 0.0, 0.0, 0.0, 0.0, 0.0, 0.0], [0.0, 0.0, 0.0, 0.0, 33.0, 0.0, 0.0, 0.0, 0.0, 0.0], [0.0, 0.0, 0.0, 0.0, 0.0, 50.0, 0.0, 0.0, 0.0, 0.0], [0.0, 0.0, 0.0, 0.0, 0.0, 0.0, 50.0, 0.0, 0.0, 0.0], [0.0, 0.0, 0.0, 0.0, 0.0, 0.0, 0.0, 0.0, 3.0, 0.0], [0.0, 0.0, 0.0, 0.0, 0.0, 0.0, 0.0, 0.0, 5.0, 0.0], [0.0, 0.0, 0.0, 1.0, 0.0, 0.0, 0.0, 0.0, 0.0, 0.0]]","[[0.9398496240601504, 0.015037593984962405, 0.0, 0.0, 0.007518796992481203, 0.022556390977443608, 0.015037593984962405, 0.0, 0.0, 0.0], [0.0, 1.0, 0.0, 0.0, 0.0, 0.0, 0.0, 0.0, 0.0, 0.0], [0.0, 0.0, 1.0, 0.0, 0.0, 0.0, 0.0, 0.0, 0.0, 0.0], [0.0, 0.0, 0.0, 1.0, 0.0, 0.0, 0.0, 0.0, 0.0, 0.0], [0.0, 0.0, 0.0, 0.0, 1.0, 0.0, 0.0, 0.0, 0.0, 0.0], [0.0, 0.0, 0.0, 0.0, 0.0, 1.0, 0.0, 0.0, 0.0, 0.0], [0.0, 0.0, 0.0, 0.0, 0.0, 0.0, 1.0, 0.0, 0.0, 0.0], [0.0, 0.0, 0.0, 0.0, 0.0, 0.0, 0.0, 0.0, 1.0, 0.0], [0.0, 0.0, 0.0, 0.0, 0.0, 0.0, 0.0, 0.0, 1.0, 0.0], [0.0, 0.0, 0.0, 1.0, 0.0, 0.0, 0.0, 0.0, 0.0, 0.0]]","[""BENIGN"", ""FTP-PATATOR"", ""DOS GOLDENEYE"", ""SSH-PATATOR"", ""DDOS"", ""PORTSCAN"", ""DOS HULK"", ""WEB ATTACK \ufffd XSS"", ""WEB ATTACK \ufffd BRUTE FORCE"", ""WEB ATTACK \ufffd SQL INJECTION""]",0.12781954887218044,0.9964872119194399,0.04460108280181885,0.9590361445783132,0.12781954887218044,0.04460108280181885,,17.358416503381783,17.716203810225807,1.6413229669611258,164.13229902413107,106.71979100152384,1,0.01,64,,,,,,,,,,,,False,False,,
1,1,1656,10,2.2505115270614624,0.14759036144578314,0.44926461577415466,0.8042168674698795,0.028252032520325203,0.49104389547916705,0.49104389547916705,0.1278195488721805,"{""0"": 0.8436363636363636, ""1"": 0.7096774193548387, ""2"": 0.9122807017543859, ""3"": 0.0, ""4"": 0.78125, ""5"": 0.8064516129032258, ""6"": 0.8571428571428571, ""7"": 0.0, ""8"": 0.0, ""9"": 0.0}","{""0"": 0.8169014084507042, ""1"": 0.7857142857142857, ""2"": 0.8666666666666667, ""3"": 0.0, ""4"": 0.8064516129032258, ""5"": 0.6756756756756757, ""6"": 0.9512195121951219, ""7"": 0.0, ""8"": 0.0, ""9"": 0.0}","{""0"": 0.8721804511278195, ""1"": 0.6470588235294118, ""2"": 0.9629629629629629, ""3"": 0.0, ""4"": 0.7575757575757576, ""5"": 1.0, ""6"": 0.78, ""7"": 0.0, ""8"": 0.0, ""9"": 0.0}","[[116.0, 3.0, 1.0, 0.0, 3.0, 10.0, 0.0, 0.0, 0.0, 0.0], [0.0, 11.0, 0.0, 0.0, 0.0, 6.0, 0.0, 0.0, 0.0, 0.0], [0.0, 0.0, 26.0, 0.0, 1.0, 0.0, 0.0, 0.0, 0.0, 0.0], [13.0, 0.0, 0.0, 0.0, 0.0, 0.0, 0.0, 0.0, 0.0, 0.0], [6.0, 0.0, 0.0, 0.0, 25.0, 0.0, 2.0, 0.0, 0.0, 0.0], [0.0, 0.0, 0.0, 0.0, 0.0, 50.0, 0.0, 0.0, 0.0, 0.0], [6.0, 0.0, 3.0, 0.0, 2.0, 0.0, 39.0, 0.0, 0.0, 0.0], [0.0, 0.0, 0.0, 0.0, 0.0, 3.0, 0.0, 0.0, 0.0, 0.0], [0.0, 0.0, 0.0, 0.0, 0.0, 5.0, 0.0, 0.0, 0.0, 0.0], [1.0, 0.0, 0.0, 0.0, 0.0, 0.0, 0.0, 0.0, 0.0, 0.0]]","[[0.8721804511278195, 0.022556390977443608, 0.007518796992481203, 0.0, 0.022556390977443608, 0.07518796992481203, 0.0, 0.0, 0.0, 0.0], [0.0, 0.6470588235294118, 0.0, 0.0, 0.0, 0.35294117647058826, 0.0, 0.0, 0.0, 0.0], [0.0, 0.0, 0.9629629629629629, 0.0, 0.037037037037037035, 0.0, 0.0, 0.0, 0.0, 0.0], [1.0, 0.0, 0.0, 0.0, 0.0, 0.0, 0.0, 0.0, 0.0, 0.0], [0.18181818181818182, 0.0, 0.0, 0.0, 0.7575757575757576, 0.0, 0.06060606060606061, 0.0, 0.0, 0.0], [0.0, 0.0, 0.0, 0.0, 0.0, 1.0, 0.0, 0.0, 0.0, 0.0], [0.12, 0.0, 0.06, 0.0, 0.04, 0.0, 0.78, 0.0, 0.0, 0.0], [0.0, 0.0, 0.0, 0.0, 0.0, 1.0, 0.0, 0.0, 0.0, 0.0], [0.0, 0.0, 0.0, 0.0, 0.0, 1.0, 0.0, 0.0, 0.0, 0.0], [1.0, 0.0, 0.0, 0.0, 0.0, 0.0, 0.0, 0.0, 0.0, 0.0]]","[""BENIGN"", ""FTP-PATATOR"", ""DOS GOLDENEYE"", ""SSH-PATATOR"", ""DDOS"", ""PORTSCAN"", ""DOS HULK"", ""WEB ATTACK \ufffd XSS"", ""WEB ATTACK \ufffd BRUTE FORCE"", ""WEB ATTACK \ufffd SQL INJECTION""]",0.15037593984962405,0.9734715861337979,0.5612159967422485,0.9185185185185185,0.15037593984962405,0.5612159967422485,,6.002979391924578,8.938739575609485,5.831303889045013,583.1303940436646,3235.5249999964144,1,0.01,64,,,,,,,,,,,,False,False,,
1,2,1656,10,0.5038098444541296,0.8283132530120482,0.27797074615955353,0.9216867469879518,0.5043683814934669,0.7130451464301236,0.7130451464301236,0.06015037593984962,"{""0"": 0.929368029739777, ""1"": 0.8484848484848485, ""2"": 0.9473684210526315, ""3"": 0.9285714285714286, ""4"": 0.9, ""5"": 0.9615384615384616, ""6"": 0.9484536082474226, ""7"": 0.0, ""8"": 0.6666666666666666, ""9"": 0.0}","{""0"": 0.9191176470588235, ""1"": 0.875, ""2"": 0.9, ""3"": 0.8666666666666667, ""4"": 1.0, ""5"": 0.9259259259259259, ""6"": 0.9787234042553191, ""7"": 0.0, ""8"": 0.5714285714285714, ""9"": 0.0}","{""0"": 0.9398496240601504, ""1"": 0.8235294117647058, ""2"": 1.0, ""3"": 1.0, ""4"": 0.8181818181818182, ""5"": 1.0, ""6"": 0.92, ""7"": 0.0, ""8"": 0.8, ""9"": 0.0}","[[125.0, 2.0, 0.0, 1.0, 0.0, 4.0, 1.0, 0.0, 0.0, 0.0], [3.0, 14.0, 0.0, 0.0, 0.0, 0.0, 0.0, 0.0, 0.0, 0.0], [0.0, 0.0, 27.0, 0.0, 0.0, 0.0, 0.0, 0.0, 0.0, 0.0], [0.0, 0.0, 0.0, 13.0, 0.0, 0.0, 0.0, 0.0, 0.0, 0.0], [6.0, 0.0, 0.0, 0.0, 27.0, 0.0, 0.0, 0.0, 0.0, 0.0], [0.0, 0.0, 0.0, 0.0, 0.0, 50.0, 0.0, 0.0, 0.0, 0.0], [1.0, 0.0, 3.0, 0.0, 0.0, 0.0, 46.0, 0.0, 0.0, 0.0], [0.0, 0.0, 0.0, 0.0, 0.0, 0.0, 0.0, 0.0, 3.0, 0.0], [1.0, 0.0, 0.0, 0.0, 0.0, 0.0, 0.0, 0.0, 4.0, 0.0], [0.0, 0.0, 0.0, 1.0, 0.0, 0.0, 0.0, 0.0, 0.0, 0.0]]","[[0.9398496240601504, 0.015037593984962405, 0.0, 0.007518796992481203, 0.0, 0.03007518796992481, 0.007518796992481203, 0.0, 0.0, 0.0], [0.17647058823529413, 0.8235294117647058, 0.0, 0.0, 0.0, 0.0, 0.0, 0.0, 0.0, 0.0], [0.0, 0.0, 1.0, 0.0, 0.0, 0.0, 0.0, 0.0, 0.0, 0.0], [0.0, 0.0, 0.0, 1.0, 0.0, 0.0, 0.0, 0.0, 0.0, 0.0], [0.18181818181818182, 0.0, 0.0, 0.0, 0.8181818181818182, 0.0, 0.0, 0.0, 0.0, 0.0], [0.0, 0.0, 0.0, 0.0, 0.0, 1.0, 0.0, 0.0, 0.0, 0.0], [0.02, 0.0, 0.06, 0.0, 0.0, 0.0, 0.92, 0.0, 0.0, 0.0], [0.0, 0.0, 0.0, 0.0, 0.0, 0.0, 0.0, 0.0, 1.0, 0.0], [0.2, 0.0, 0.0, 0.0, 0.0, 0.0, 0.0, 0.0, 0.8, 0.0], [0.0, 0.0, 0.0, 1.0, 0.0, 0.0, 0.0, 0.0, 0.0, 0.0]]","[""BENIGN"", ""FTP-PATATOR"", ""DOS GOLDENEYE"", ""SSH-PATATOR"", ""DDOS"", ""PORTSCAN"", ""DOS HULK"", ""WEB ATTACK \ufffd XSS"", ""WEB ATTACK \ufffd BRUTE FORCE"", ""WEB ATTACK \ufffd SQL INJECTION""]",0.09022556390977443,0.9868164051829798,0.3142600655555725,0.9656862745098039,0.09022556390977443,0.3142600655555725,,8.547077553142946,10.484295586769898,3.577682534912764,357.7682744229758,268.65754200844094,1,0.01,64,,,,,,,,,,,,False,False,,
1,3,1656,10,0.22419042636950812,0.9337349397590361,0.2164007599155108,0.927710843373494,0.7263731683528161,0.7182248425579926,0.7182248425579926,0.052631578947368474,"{""0"": 0.9298892988929889, ""1"": 0.9142857142857143, ""2"": 1.0, ""3"": 0.8695652173913043, ""4"": 0.8709677419354839, ""5"": 0.970873786407767, ""6"": 0.96, ""7"": 0.0, ""8"": 0.6666666666666666, ""9"": 0.0}","{""0"": 0.9130434782608695, ""1"": 0.8888888888888888, ""2"": 1.0, ""3"": 1.0, ""4"": 0.9310344827586207, ""5"": 0.9433962264150944, ""6"": 0.96, ""7"": 0.0, ""8"": 0.5714285714285714, ""9"": 0.0}","{""0"": 0.9473684210526315, ""1"": 0.9411764705882353, ""2"": 1.0, ""3"": 0.7692307692307693, ""4"": 0.8181818181818182, ""5"": 1.0, ""6"": 0.96, ""7"": 0.0, ""8"": 0.8, ""9"": 0.0}","[[126.0, 2.0, 0.0, 0.0, 0.0, 3.0, 2.0, 0.0, 0.0, 0.0], [1.0, 16.0, 0.0, 0.0, 0.0, 0.0, 0.0, 0.0, 0.0, 0.0], [0.0, 0.0, 27.0, 0.0, 0.0, 0.0, 0.0, 0.0, 0.0, 0.0], [3.0, 0.0, 0.0, 10.0, 0.0, 0.0, 0.0, 0.0, 0.0, 0.0], [6.0, 0.0, 0.0, 0.0, 27.0, 0.0, 0.0, 0.0, 0.0, 0.0], [0.0, 0.0, 0.0, 0.0, 0.0, 50.0, 0.0, 0.0, 0.0, 0.0], [0.0, 0.0, 0.0, 0.0, 2.0, 0.0, 48.0, 0.0, 0.0, 0.0], [0.0, 0.0, 0.0, 0.0, 0.0, 0.0, 0.0, 0.0, 3.0, 0.0], [1.0, 0.0, 0.0, 0.0, 0.0, 0.0, 0.0, 0.0, 4.0, 0.0], [1.0, 0.0, 0.0, 0.0, 0.0, 0.0, 0.0, 0.0, 0.0, 0.0]]","[[0.9473684210526315, 0.015037593984962405, 0.0, 0.0, 0.0, 0.022556390977443608, 0.015037593984962405, 0.0, 0.0, 0.0], [0.058823529411764705, 0.9411764705882353, 0.0, 0.0, 0.0, 0.0, 0.0, 0.0, 0.0, 0.0], [0.0, 0.0, 1.0, 0.0, 0.0, 0.0, 0.0, 0.0, 0.0, 0.0], [0.23076923076923078, 0.0, 0.0, 0.7692307692307693, 0.0, 0.0, 0.0, 0.0, 0.0, 0.0], [0.18181818181818182, 0.0, 0.0, 0.0, 0.8181818181818182, 0.0, 0.0, 0.0, 0.0, 0.0], [0.0, 0.0, 0.0, 0.0, 0.0, 1.0, 0.0, 0.0, 0.0, 0.0], [0.0, 0.0, 0.0, 0.0, 0.04, 0.0, 0.96, 0.0, 0.0, 0.0], [0.0, 0.0, 0.0, 0.0, 0.0, 0.0, 0.0, 0.0, 1.0, 0.0], [0.2, 0.0, 0.0, 0.0, 0.0, 0.0, 0.0, 0.0, 0.8, 0.0], [1.0, 0.0, 0.0, 0.0, 0.0, 0.0, 0.0, 0.0, 0.0, 0.0]]","[""BENIGN"", ""FTP-PATATOR"", ""DOS GOLDENEYE"", ""SSH-PATATOR"", ""DDOS"", ""PORTSCAN"", ""DOS HULK"", ""WEB ATTACK \ufffd XSS"", ""WEB ATTACK \ufffd BRUTE FORCE"", ""WEB ATTACK \ufffd SQL INJECTION""]",0.14285714285714285,0.9882133854231239,0.11023217439651489,0.9544364508393285,0.14285714285714285,0.11023217439651489,,10.30120328256359,11.261854182185523,2.3191720965890665,231.91721950423536,230.72912500356324,1,0.01,64,,,,,,,,,,,,False,False,,
1,4,1656,10,0.17463146646817526,0.9457831325301205,0.22103705878059068,0.9487951807228916,0.7369060430373701,0.7415707946957947,0.7415707946957947,0.07518796992481203,"{""0"": 0.9498069498069498, ""1"": 0.9444444444444444, ""2"": 1.0, ""3"": 0.9629629629629629, ""4"": 0.96875, ""5"": 0.9615384615384616, ""6"": 0.9615384615384616, ""7"": 0.0, ""8"": 0.6666666666666666, ""9"": 0.0}","{""0"": 0.9761904761904762, ""1"": 0.8947368421052632, ""2"": 1.0, ""3"": 0.9285714285714286, ""4"": 1.0, ""5"": 0.9259259259259259, ""6"": 0.9259259259259259, ""7"": 0.0, ""8"": 0.5714285714285714, ""9"": 0.0}","{""0"": 0.924812030075188, ""1"": 1.0, ""2"": 1.0, ""3"": 1.0, ""4"": 0.9393939393939394, ""5"": 1.0, ""6"": 1.0, ""7"": 0.0, ""8"": 0.8, ""9"": 0.0}","[[123.0, 2.0, 0.0, 0.0, 0.0, 4.0, 4.0, 0.0, 0.0, 0.0], [0.0, 17.0, 0.0, 0.0, 0.0, 0.0, 0.0, 0.0, 0.0, 0.0], [0.0, 0.0, 27.0, 0.0, 0.0, 0.0, 0.0, 0.0, 0.0, 0.0], [0.0, 0.0, 0.0, 13.0, 0.0, 0.0, 0.0, 0.0, 0.0, 0.0], [2.0, 0.0, 0.0, 0.0, 31.0, 0.0, 0.0, 0.0, 0.0, 0.0], [0.0, 0.0, 0.0, 0.0, 0.0, 50.0, 0.0, 0.0, 0.0, 0.0], [0.0, 0.0, 0.0, 0.0, 0.0, 0.0, 50.0, 0.0, 0.0, 0.0], [0.0, 0.0, 0.0, 0.0, 0.0, 0.0, 0.0, 0.0, 3.0, 0.0], [1.0, 0.0, 0.0, 0.0, 0.0, 0.0, 0.0, 0.0, 4.0, 0.0], [0.0, 0.0, 0.0, 1.0, 0.0, 0.0, 0.0, 0.0, 0.0, 0.0]]","[[0.924812030075188, 0.015037593984962405, 0.0, 0.0, 0.0, 0.03007518796992481, 0.03007518796992481, 0.0, 0.0, 0.0], [0.0, 1.0, 0.0, 0.0, 0.0, 0.0, 0.0, 0.0, 0.0, 0.0], [0.0, 0.0, 1.0, 0.0, 0.0, 0.0, 0.0, 0.0, 0.0, 0.0], [0.0, 0.0, 0.0, 1.0, 0.0, 0.0, 0.0, 0.0, 0.0, 0.0], [0.06060606060606061, 0.0, 0.0, 0.0, 0.9393939393939394, 0.0, 0.0, 0.0, 0.0, 0.0], [0.0, 0.0, 0.0, 0.0, 0.0, 1.0, 0.0, 0.0, 0.0, 0.0], [0.0, 0.0, 0.0, 0.0, 0.0, 0.0, 1.0, 0.0, 0.0, 0.0], [0.0, 0.0, 0.0, 0.0, 0.0, 0.0, 0.0, 0.0, 1.0, 0.0], [0.2, 0.0, 0.0, 0.0, 0.0, 0.0, 0.0, 0.0, 0.8, 0.0], [0.0, 0.0, 0.0, 1.0, 0.0, 0.0, 0.0, 0.0, 0.0, 0.0]]","[""BENIGN"", ""FTP-PATATOR"", ""DOS GOLDENEYE"", ""SSH-PATATOR"", ""DDOS"", ""PORTSCAN"", ""DOS HULK"", ""WEB ATTACK \ufffd XSS"", ""WEB ATTACK \ufffd BRUTE FORCE"", ""WEB ATTACK \ufffd SQL INJECTION""]",0.07518796992481203,0.9877883594028749,0.5144823789596558,0.9704433497536946,0.07518796992481203,0.5144823789596558,,11.126491306035913,11.861760635819595,1.98977398179994,198.97740168669537,261.2331659911433,1,0.01,64,,,,,,,,,,,,False,False,,
1,5,1656,10,0.18282275895277658,0.9367469879518072,0.16536995768547058,0.9457831325301205,0.7321032370630096,0.7390134854973545,0.7390134854973545,0.09022556390977443,"{""0"": 0.9453125, ""1"": 0.9444444444444444, ""2"": 1.0, ""3"": 0.9629629629629629, ""4"": 0.9295774647887324, ""5"": 0.970873786407767, ""6"": 0.9702970297029703, ""7"": 0.0, ""8"": 0.6666666666666666, ""9"": 0.0}","{""0"": 0.983739837398374, ""1"": 0.8947368421052632, ""2"": 1.0, ""3"": 0.9285714285714286, ""4"": 0.868421052631579, ""5"": 0.9433962264150944, ""6"": 0.9607843137254902, ""7"": 0.0, ""8"": 0.5714285714285714, ""9"": 0.0}","{""0"": 0.9097744360902256, ""1"": 1.0, ""2"": 1.0, ""3"": 1.0, ""4"": 1.0, ""5"": 1.0, ""6"": 0.98, ""7"": 0.0, ""8"": 0.8, ""9"": 0.0}","[[121.0, 2.0, 0.0, 0.0, 5.0, 3.0, 2.0, 0.0, 0.0, 0.0], [0.0, 17.0, 0.0, 0.0, 0.0, 0.0, 0.0, 0.0, 0.0, 0.0], [0.0, 0.0, 27.0, 0.0, 0.0, 0.0, 0.0, 0.0, 0.0, 0.0], [0.0, 0.0, 0.0, 13.0, 0.0, 0.0, 0.0, 0.0, 0.0, 0.0], [0.0, 0.0, 0.0, 0.0, 33.0, 0.0, 0.0, 0.0, 0.0, 0.0], [0.0, 0.0, 0.0, 0.0, 0.0, 50.0, 0.0, 0.0, 0.0, 0.0], [1.0, 0.0, 0.0, 0.0, 0.0, 0.0, 49.0, 0.0, 0.0, 0.0], [0.0, 0.0, 0.0, 0.0, 0.0, 0.0, 0.0, 0.0, 3.0, 0.0], [1.0, 0.0, 0.0, 0.0, 0.0, 0.0, 0.0, 0.0, 4.0, 0.0], [0.0, 0.0, 0.0, 1.0, 0.0, 0.0, 0.0, 0.0, 0.0, 0.0]]","[[0.9097744360902256, 0.015037593984962405, 0.0, 0.0, 0.03759398496240601, 0.022556390977443608, 0.015037593984962405, 0.0, 0.0, 0.0], [0.0, 1.0, 0.0, 0.0, 0.0, 0.0, 0.0, 0.0, 0.0, 0.0], [0.0, 0.0, 1.0, 0.0, 0.0, 0.0, 0.0, 0.0, 0.0, 0.0], [0.0, 0.0, 0.0, 1.0, 0.0, 0.0, 0.0, 0.0, 0.0, 0.0], [0.0, 0.0, 0.0, 0.0, 1.0, 0.0, 0.0, 0.0, 0.0, 0.0], [0.0, 0.0, 0.0, 0.0, 0.0, 1.0, 0.0, 0.0, 0.0, 0.0], [0.02, 0.0, 0.0, 0.0, 0.0, 0.0, 0.98, 0.0, 0.0, 0.0], [0.0, 0.0, 0.0, 0.0, 0.0, 0.0, 0.0, 0.0, 1.0, 0.0], [0.2, 0.0, 0.0, 0.0, 0.0, 0.0, 0.0, 0.0, 0.8, 0.0], [0.0, 0.0, 0.0, 1.0, 0.0, 0.0, 0.0, 0.0, 0.0, 0.0]]","[""BENIGN"", ""FTP-PATATOR"", ""DOS GOLDENEYE"", ""SSH-PATATOR"", ""DDOS"", ""PORTSCAN"", ""DOS HULK"", ""WEB ATTACK \ufffd XSS"", ""WEB ATTACK \ufffd BRUTE FORCE"", ""WEB ATTACK \ufffd SQL INJECTION""]",0.10526315789473684,0.991227804604948,0.41043412685394287,0.9609756097560975,0.10526315789473684,0.41043412685394287,,11.77989875952143,12.33964060633986,1.7370486870935171,173.70487160030612,227.28516600909643,1,0.01,64,,,,,,,,,,,,False,False,,
1,6,1656,10,0.1702868863940239,0.9427710843373494,0.17925086617469788,0.9457831325301205,0.7348326612070312,0.7379481166367625,0.7379481166367625,0.09774436090225569,"{""0"": 0.9448818897637795, ""1"": 0.9714285714285714, ""2"": 1.0, ""3"": 0.9285714285714286, ""4"": 0.9166666666666666, ""5"": 0.970873786407767, ""6"": 0.9803921568627451, ""7"": 0.0, ""8"": 0.6666666666666666, ""9"": 0.0}","{""0"": 0.9917355371900827, ""1"": 0.9444444444444444, ""2"": 1.0, ""3"": 0.8666666666666667, ""4"": 0.8461538461538461, ""5"": 0.9433962264150944, ""6"": 0.9615384615384616, ""7"": 0.0, ""8"": 0.5714285714285714, ""9"": 0.0}","{""0"": 0.9022556390977443, ""1"": 1.0, ""2"": 1.0, ""3"": 1.0, ""4"": 1.0, ""5"": 1.0, ""6"": 1.0, ""7"": 0.0, ""8"": 0.8, ""9"": 0.0}","[[120.0, 1.0, 0.0, 1.0, 6.0, 3.0, 2.0, 0.0, 0.0, 0.0], [0.0, 17.0, 0.0, 0.0, 0.0, 0.0, 0.0, 0.0, 0.0, 0.0], [0.0, 0.0, 27.0, 0.0, 0.0, 0.0, 0.0, 0.0, 0.0, 0.0], [0.0, 0.0, 0.0, 13.0, 0.0, 0.0, 0.0, 0.0, 0.0, 0.0], [0.0, 0.0, 0.0, 0.0, 33.0, 0.0, 0.0, 0.0, 0.0, 0.0], [0.0, 0.0, 0.0, 0.0, 0.0, 50.0, 0.0, 0.0, 0.0, 0.0], [0.0, 0.0, 0.0, 0.0, 0.0, 0.0, 50.0, 0.0, 0.0, 0.0], [0.0, 0.0, 0.0, 0.0, 0.0, 0.0, 0.0, 0.0, 3.0, 0.0], [1.0, 0.0, 0.0, 0.0, 0.0, 0.0, 0.0, 0.0, 4.0, 0.0], [0.0, 0.0, 0.0, 1.0, 0.0, 0.0, 0.0, 0.0, 0.0, 0.0]]","[[0.9022556390977443, 0.007518796992481203, 0.0, 0.007518796992481203, 0.045112781954887216, 0.022556390977443608, 0.015037593984962405, 0.0, 0.0, 0.0], [0.0, 1.0, 0.0, 0.0, 0.0, 0.0, 0.0, 0.0, 0.0, 0.0], [0.0, 0.0, 1.0, 0.0, 0.0, 0.0, 0.0, 0.0, 0.0, 0.0], [0.0, 0.0, 0.0, 1.0, 0.0, 0.0, 0.0, 0.0, 0.0, 0.0], [0.0, 0.0, 0.0, 0.0, 1.0, 0.0, 0.0, 0.0, 0.0, 0.0], [0.0, 0.0, 0.0, 0.0, 0.0, 1.0, 0.0, 0.0, 0.0, 0.0], [0.0, 0.0, 0.0, 0.0, 0.0, 0.0, 1.0, 0.0, 0.0, 0.0], [0.0, 0.0, 0.0, 0.0, 0.0, 0.0, 0.0, 0.0, 1.0, 0.0], [0.2, 0.0, 0.0, 0.0, 0.0, 0.0, 0.0, 0.0, 0.8, 0.0], [0.0, 0.0, 0.0, 1.0, 0.0, 0.0, 0.0, 0.0, 0.0, 0.0]]","[""BENIGN"", ""FTP-PATATOR"", ""DOS GOLDENEYE"", ""SSH-PATATOR"", ""DDOS"", ""PORTSCAN"", ""DOS HULK"", ""WEB ATTACK \ufffd XSS"", ""WEB ATTACK \ufffd BRUTE FORCE"", ""WEB ATTACK \ufffd SQL INJECTION""]",0.10526315789473684,0.9959113415326573,0.49671441316604614,0.9660194174757282,0.10526315789473684,0.49671441316604614,,12.284447394511673,12.85617308945987,1.827396300572622,182.73963580507416,269.475291002891,1,0.01,64,,,,,,,,,,,,False,False,,
1,7,1656,10,0.1411038525402546,0.9487951807228916,0.1516285426914692,0.9487951807228916,0.7379252408623167,0.7421228478847619,0.7421228478847619,0.08270676691729328,"{""0"": 0.9494163424124513, ""1"": 0.9714285714285714, ""2"": 1.0, ""3"": 0.9629629629629629, ""4"": 0.9295774647887324, ""5"": 0.9607843137254902, ""6"": 0.9803921568627451, ""7"": 0.0, ""8"": 0.6666666666666666, ""9"": 0.0}","{""0"": 0.9838709677419355, ""1"": 0.9444444444444444, ""2"": 1.0, ""3"": 0.9285714285714286, ""4"": 0.868421052631579, ""5"": 0.9423076923076923, ""6"": 0.9615384615384616, ""7"": 0.0, ""8"": 0.5714285714285714, ""9"": 0.0}","{""0"": 0.9172932330827067, ""1"": 1.0, ""2"": 1.0, ""3"": 1.0, ""4"": 1.0, ""5"": 0.98, ""6"": 1.0, ""7"": 0.0, ""8"": 0.8, ""9"": 0.0}","[[122.0, 1.0, 0.0, 0.0, 5.0, 3.0, 2.0, 0.0, 0.0, 0.0], [0.0, 17.0, 0.0, 0.0, 0.0, 0.0, 0.0, 0.0, 0.0, 0.0], [0.0, 0.0, 27.0, 0.0, 0.0, 0.0, 0.0, 0.0, 0.0, 0.0], [0.0, 0.0, 0.0, 13.0, 0.0, 0.0, 0.0, 0.0, 0.0, 0.0], [0.0, 0.0, 0.0, 0.0, 33.0, 0.0, 0.0, 0.0, 0.0, 0.0], [1.0, 0.0, 0.0, 0.0, 0.0, 49.0, 0.0, 0.0, 0.0, 0.0], [0.0, 0.0, 0.0, 0.0, 0.0, 0.0, 50.0, 0.0, 0.0, 0.0], [0.0, 0.0, 0.0, 0.0, 0.0, 0.0, 0.0, 0.0, 3.0, 0.0], [1.0, 0.0, 0.0, 0.0, 0.0, 0.0, 0.0, 0.0, 4.0, 0.0], [0.0, 0.0, 0.0, 1.0, 0.0, 0.0, 0.0, 0.0, 0.0, 0.0]]","[[0.9172932330827067, 0.007518796992481203, 0.0, 0.0, 0.03759398496240601, 0.022556390977443608, 0.015037593984962405, 0.0, 0.0, 0.0], [0.0, 1.0, 0.0, 0.0, 0.0, 0.0, 0.0, 0.0, 0.0, 0.0], [0.0, 0.0, 1.0, 0.0, 0.0, 0.0, 0.0, 0.0, 0.0, 0.0], [0.0, 0.0, 0.0, 1.0, 0.0, 0.0, 0.0, 0.0, 0.0, 0.0], [0.0, 0.0, 0.0, 0.0, 1.0, 0.0, 0.0, 0.0, 0.0, 0.0], [0.02, 0.0, 0.0, 0.0, 0.0, 0.98, 0.0, 0.0, 0.0, 0.0], [0.0, 0.0, 0.0, 0.0, 0.0, 0.0, 1.0, 0.0, 0.0, 0.0], [0.0, 0.0, 0.0, 0.0, 0.0, 0.0, 0.0, 0.0, 1.0, 0.0], [0.2, 0.0, 0.0, 0.0, 0.0, 0.0, 0.0, 0.0, 0.8, 0.0], [0.0, 0.0, 0.0, 1.0, 0.0, 0.0, 0.0, 0.0, 0.0, 0.0]]","[""BENIGN"", ""FTP-PATATOR"", ""DOS GOLDENEYE"", ""SSH-PATATOR"", ""DDOS"", ""PORTSCAN"", ""DOS HULK"", ""WEB ATTACK \ufffd XSS"", ""WEB ATTACK \ufffd BRUTE FORCE"", ""WEB ATTACK \ufffd SQL INJECTION""]",0.09774436090225563,0.997328060001917,0.40270477533340454,0.9633251833740831,0.09774436090225563,0.40270477533340454,,12.766269066436957,13.225438942254668,1.6528529132752257,165.28529723101025,160.57387500768527,1,0.01,64,,,,,,,,,,,,False,False,,
1,8,1656,10,0.15433838466803232,0.9397590361445783,0.1703838718434175,0.9668674698795181,0.7334604715672677,0.7618525894996483,0.7618525894996483,0.052631578947368474,"{""0"": 0.972972972972973, ""1"": 0.9714285714285714, ""2"": 1.0, ""3"": 0.9629629629629629, ""4"": 1.0, ""5"": 0.9615384615384616, ""6"": 0.9803921568627451, ""7"": 0.0, ""8"": 0.7692307692307693, ""9"": 0.0}","{""0"": 1.0, ""1"": 0.9444444444444444, ""2"": 1.0, ""3"": 0.9285714285714286, ""4"": 1.0, ""5"": 0.9259259259259259, ""6"": 0.9615384615384616, ""7"": 0.0, ""8"": 0.625, ""9"": 0.0}","{""0"": 0.9473684210526315, ""1"": 1.0, ""2"": 1.0, ""3"": 1.0, ""4"": 1.0, ""5"": 1.0, ""6"": 1.0, ""7"": 0.0, ""8"": 1.0, ""9"": 0.0}","[[126.0, 1.0, 0.0, 0.0, 0.0, 4.0, 2.0, 0.0, 0.0, 0.0], [0.0, 17.0, 0.0, 0.0, 0.0, 0.0, 0.0, 0.0, 0.0, 0.0], [0.0, 0.0, 27.0, 0.0, 0.0, 0.0, 0.0, 0.0, 0.0, 0.0], [0.0, 0.0, 0.0, 13.0, 0.0, 0.0, 0.0, 0.0, 0.0, 0.0], [0.0, 0.0, 0.0, 0.0, 33.0, 0.0, 0.0, 0.0, 0.0, 0.0], [0.0, 0.0, 0.0, 0.0, 0.0, 50.0, 0.0, 0.0, 0.0, 0.0], [0.0, 0.0, 0.0, 0.0, 0.0, 0.0, 50.0, 0.0, 0.0, 0.0], [0.0, 0.0, 0.0, 0.0, 0.0, 0.0, 0.0, 0.0, 3.0, 0.0], [0.0, 0.0, 0.0, 0.0, 0.0, 0.0, 0.0, 0.0, 5.0, 0.0], [0.0, 0.0, 0.0, 1.0, 0.0, 0.0, 0.0, 0.0, 0.0, 0.0]]","[[0.9473684210526315, 0.007518796992481203, 0.0, 0.0, 0.0, 0.03007518796992481, 0.015037593984962405, 0.0, 0.0, 0.0], [0.0, 1.0, 0.0, 0.0, 0.0, 0.0, 0.0, 0.0, 0.0, 0.0], [0.0, 0.0, 1.0, 0.0, 0.0, 0.0, 0.0, 0.0, 0.0, 0.0], [0.0, 0.0, 0.0, 1.0, 0.0, 0.0, 0.0, 0.0, 0.0, 0.0], [0.0, 0.0, 0.0, 0.0, 1.0, 0.0, 0.0, 0.0, 0.0, 0.0], [0.0, 0.0, 0.0, 0.0, 0.0, 1.0, 0.0, 0.0, 0.0, 0.0], [0.0, 0.0, 0.0, 0.0, 0.0, 0.0, 1.0, 0.0, 0.0, 0.0], [0.0, 0.0, 0.0, 0.0, 0.0, 0.0, 0.0, 0.0, 1.0, 0.0], [0.0, 0.0, 0.0, 0.0, 0.0, 0.0, 0.0, 0.0, 1.0, 0.0], [0.0, 0.0, 0.0, 1.0, 0.0, 0.0, 0.0, 0.0, 0.0, 0.0]]","[""BENIGN"", ""FTP-PATATOR"", ""DOS GOLDENEYE"", ""SSH-PATATOR"", ""DDOS"", ""PORTSCAN"", ""DOS HULK"", ""WEB ATTACK \ufffd XSS"", ""WEB ATTACK \ufffd BRUTE FORCE"", ""WEB ATTACK \ufffd SQL INJECTION""]",0.13533834586466165,0.9918803220730426,0.15048158168792725,0.9567307692307693,0.13533834586466165,0.15048158168792725,,13.206412629490536,13.679161500104339,1.7067356771665445,170.67357414145076,262.9134580056416,1,0.01,64,,,,,,,,,,,,False,False,,
1,9,1656,10,0.1376493275165558,0.9548192771084337,0.13711732315520445,0.9548192771084337,0.7524051182833704,0.7448084450498474,0.7448084450498474,0.06015037593984962,"{""0"": 0.9578544061302682, ""1"": 0.9444444444444444, ""2"": 1.0, ""3"": 0.9629629629629629, ""4"": 0.9850746268656716, ""5"": 0.9607843137254902, ""6"": 0.9702970297029703, ""7"": 0.0, ""8"": 0.6666666666666666, ""9"": 0.0}","{""0"": 0.9765625, ""1"": 0.8947368421052632, ""2"": 1.0, ""3"": 0.9285714285714286, ""4"": 0.9705882352941176, ""5"": 0.9423076923076923, ""6"": 0.9607843137254902, ""7"": 0.0, ""8"": 0.5714285714285714, ""9"": 0.0}","{""0"": 0.9398496240601504, ""1"": 1.0, ""2"": 1.0, ""3"": 1.0, ""4"": 1.0, ""5"": 0.98, ""6"": 0.98, ""7"": 0.0, ""8"": 0.8, ""9"": 0.0}","[[125.0, 2.0, 0.0, 0.0, 1.0, 3.0, 2.0, 0.0, 0.0, 0.0], [0.0, 17.0, 0.0, 0.0, 0.0, 0.0, 0.0, 0.0, 0.0, 0.0], [0.0, 0.0, 27.0, 0.0, 0.0, 0.0, 0.0, 0.0, 0.0, 0.0], [0.0, 0.0, 0.0, 13.0, 0.0, 0.0, 0.0, 0.0, 0.0, 0.0], [0.0, 0.0, 0.0, 0.0, 33.0, 0.0, 0.0, 0.0, 0.0, 0.0], [1.0, 0.0, 0.0, 0.0, 0.0, 49.0, 0.0, 0.0, 0.0, 0.0], [1.0, 0.0, 0.0, 0.0, 0.0, 0.0, 49.0, 0.0, 0.0, 0.0], [0.0, 0.0, 0.0, 0.0, 0.0, 0.0, 0.0, 0.0, 3.0, 0.0], [1.0, 0.0, 0.0, 0.0, 0.0, 0.0, 0.0, 0.0, 4.0, 0.0], [0.0, 0.0, 0.0, 1.0, 0.0, 0.0, 0.0, 0.0, 0.0, 0.0]]","[[0.9398496240601504, 0.015037593984962405, 0.0, 0.0, 0.007518796992481203, 0.022556390977443608, 0.015037593984962405, 0.0, 0.0, 0.0], [0.0, 1.0, 0.0, 0.0, 0.0, 0.0, 0.0, 0.0, 0.0, 0.0], [0.0, 0.0, 1.0, 0.0, 0.0, 0.0, 0.0, 0.0, 0.0, 0.0], [0.0, 0.0, 0.0, 1.0, 0.0, 0.0, 0.0, 0.0, 0.0, 0.0], [0.0, 0.0, 0.0, 0.0, 1.0, 0.0, 0.0, 0.0, 0.0, 0.0], [0.02, 0.0, 0.0, 0.0, 0.0, 0.98, 0.0, 0.0, 0.0, 0.0], [0.02, 0.0, 0.0, 0.0, 0.0, 0.0, 0.98, 0.0, 0.0, 0.0], [0.0, 0.0, 0.0, 0.0, 0.0, 0.0, 0.0, 0.0, 1.0, 0.0], [0.2, 0.0, 0.0, 0.0, 0.0, 0.0, 0.0, 0.0, 0.8, 0.0], [0.0, 0.0, 0.0, 1.0, 0.0, 0.0, 0.0, 0.0, 0.0, 0.0]]","[""BENIGN"", ""FTP-PATATOR"", ""DOS GOLDENEYE"", ""SSH-PATATOR"", ""DDOS"", ""PORTSCAN"", ""DOS HULK"", ""WEB ATTACK \ufffd XSS"", ""WEB ATTACK \ufffd BRUTE FORCE"", ""WEB ATTACK \ufffd SQL INJECTION""]",0.09022556390977443,0.9967808410003071,0.20975232124328613,0.9707317073170731,0.09022556390977443,0.20975232124328613,,13.579956804137113,13.988960597956973,1.6676727348142775,166.7672727352071,124.18825000349898,1,0.01,64,,,,,,,,,,,,False,False,,
1,10,1656,10,0.1334930919110775,0.9548192771084337,0.15177233889698982,0.9427710843373494,0.7427601170692946,0.7367484888373229,0.7367484888373229,0.06766917293233088,"{""0"": 0.9429657794676806, ""1"": 0.9444444444444444, ""2"": 1.0, ""3"": 0.9629629629629629, ""4"": 0.9180327868852459, ""5"": 0.970873786407767, ""6"": 0.9615384615384616, ""7"": 0.0, ""8"": 0.6666666666666666, ""9"": 0.0}","{""0"": 0.9538461538461539, ""1"": 0.8947368421052632, ""2"": 1.0, ""3"": 0.9285714285714286, ""4"": 1.0, ""5"": 0.9433962264150944, ""6"": 0.9259259259259259, ""7"": 0.0, ""8"": 0.5714285714285714, ""9"": 0.0}","{""0"": 0.9323308270676691, ""1"": 1.0, ""2"": 1.0, ""3"": 1.0, ""4"": 0.8484848484848485, ""5"": 1.0, ""6"": 1.0, ""7"": 0.0, ""8"": 0.8, ""9"": 0.0}","[[124.0, 2.0, 0.0, 0.0, 0.0, 3.0, 4.0, 0.0, 0.0, 0.0], [0.0, 17.0, 0.0, 0.0, 0.0, 0.0, 0.0, 0.0, 0.0, 0.0], [0.0, 0.0, 27.0, 0.0, 0.0, 0.0, 0.0, 0.0, 0.0, 0.0], [0.0, 0.0, 0.0, 13.0, 0.0, 0.0, 0.0, 0.0, 0.0, 0.0], [5.0, 0.0, 0.0, 0.0, 28.0, 0.0, 0.0, 0.0, 0.0, 0.0], [0.0, 0.0, 0.0, 0.0, 0.0, 50.0, 0.0, 0.0, 0.0, 0.0], [0.0, 0.0, 0.0, 0.0, 0.0, 0.0, 50.0, 0.0, 0.0, 0.0], [0.0, 0.0, 0.0, 0.0, 0.0, 0.0, 0.0, 0.0, 3.0, 0.0], [1.0, 0.0, 0.0, 0.0, 0.0, 0.0, 0.0, 0.0, 4.0, 0.0], [0.0, 0.0, 0.0, 1.0, 0.0, 0.0, 0.0, 0.0, 0.0, 0.0]]","[[0.9323308270676691, 0.015037593984962405, 0.0, 0.0, 0.0, 0.022556390977443608, 0.03007518796992481, 0.0, 0.0, 0.0], [0.0, 1.0, 0.0, 0.0, 0.0, 0.0, 0.0, 0.0, 0.0, 0.0], [0.0, 0.0, 1.0, 0.0, 0.0, 0.0, 0.0, 0.0, 0.0, 0.0], [0.0, 0.0, 0.0, 1.0, 0.0, 0.0, 0.0, 0.0, 0.0, 0.0], [0.15151515151515152, 0.0, 0.0, 0.0, 0.8484848484848485, 0.0, 0.0, 0.0, 0.0, 0.0], [0.0, 0.0, 0.0, 0.0, 0.0, 1.0, 0.0, 0.0, 0.0, 0.0], [0.0, 0.0, 0.0, 0.0, 0.0, 0.0, 1.0, 0.0, 0.0, 0.0], [0.0, 0.0, 0.0, 0.0, 0.0, 0.0, 0.0, 0.0, 1.0, 0.0], [0.2, 0.0, 0.0, 0.0, 0.0, 0.0, 0.0, 0.0, 0.8, 0.0], [0.0, 0.0, 0.0, 1.0, 0.0, 0.0, 0.0, 0.0, 0.0, 0.0]]","[""BENIGN"", ""FTP-PATATOR"", ""DOS GOLDENEYE"", ""SSH-PATATOR"", ""DDOS"", ""PORTSCAN"", ""DOS HULK"", ""WEB ATTACK \ufffd XSS"", ""WEB ATTACK \ufffd BRUTE FORCE"", ""WEB ATTACK \ufffd SQL INJECTION""]",0.09774436090225563,0.9950557067136085,0.15139812231063843,0.9658536585365853,0.09774436090225563,0.15139812231063843,,13.960399359549685,14.414726963596623,1.60131558435336,160.13156178807623,257.8809169935994,1,0.01,64,,,,,,,,,,,,False,False,,
1,11,1656,10,0.12605758073429266,0.963855421686747,0.15587668617566428,0.9457831325301205,0.7494570786575355,0.7386888573775032,0.7386888573775032,0.09774436090225569,"{""0"": 0.9448818897637795, ""1"": 0.9444444444444444, ""2"": 1.0, ""3"": 0.9629629629629629, ""4"": 0.9166666666666666, ""5"": 0.970873786407767, ""6"": 0.9803921568627451, ""7"": 0.0, ""8"": 0.6666666666666666, ""9"": 0.0}","{""0"": 0.9917355371900827, ""1"": 0.8947368421052632, ""2"": 1.0, ""3"": 0.9285714285714286, ""4"": 0.8461538461538461, ""5"": 0.9433962264150944, ""6"": 0.9615384615384616, ""7"": 0.0, ""8"": 0.5714285714285714, ""9"": 0.0}","{""0"": 0.9022556390977443, ""1"": 1.0, ""2"": 1.0, ""3"": 1.0, ""4"": 1.0, ""5"": 1.0, ""6"": 1.0, ""7"": 0.0, ""8"": 0.8, ""9"": 0.0}","[[120.0, 2.0, 0.0, 0.0, 6.0, 3.0, 2.0, 0.0, 0.0, 0.0], [0.0, 17.0, 0.0, 0.0, 0.0, 0.0, 0.0, 0.0, 0.0, 0.0], [0.0, 0.0, 27.0, 0.0, 0.0, 0.0, 0.0, 0.0, 0.0, 0.0], [0.0, 0.0, 0.0, 13.0, 0.0, 0.0, 0.0, 0.0, 0.0, 0.0], [0.0, 0.0, 0.0, 0.0, 33.0, 0.0, 0.0, 0.0, 0.0, 0.0], [0.0, 0.0, 0.0, 0.0, 0.0, 50.0, 0.0, 0.0, 0.0, 0.0], [0.0, 0.0, 0.0, 0.0, 0.0, 0.0, 50.0, 0.0, 0.0, 0.0], [0.0, 0.0, 0.0, 0.0, 0.0, 0.0, 0.0, 0.0, 3.0, 0.0], [1.0, 0.0, 0.0, 0.0, 0.0, 0.0, 0.0, 0.0, 4.0, 0.0], [0.0, 0.0, 0.0, 1.0, 0.0, 0.0, 0.0, 0.0, 0.0, 0.0]]","[[0.9022556390977443, 0.015037593984962405, 0.0, 0.0, 0.045112781954887216, 0.022556390977443608, 0.015037593984962405, 0.0, 0.0, 0.0], [0.0, 1.0, 0.0, 0.0, 0.0, 0.0, 0.0, 0.0, 0.0, 0.0], [0.0, 0.0, 1.0, 0.0, 0.0, 0.0, 0.0, 0.0, 0.0, 0.0], [0.0, 0.0, 0.0, 1.0, 0.0, 0.0, 0.0, 0.0, 0.0, 0.0], [0.0, 0.0, 0.0, 0.0, 1.0, 0.0, 0.0, 0.0, 0.0, 0.0], [0.0, 0.0, 0.0, 0.0, 0.0, 1.0, 0.0, 0.0, 0.0, 0.0], [0.0, 0.0, 0.0, 0.0, 0.0, 0.0, 1.0, 0.0, 0.0, 0.0], [0.0, 0.0, 0.0, 0.0, 0.0, 0.0, 0.0, 0.0, 1.0, 0.0], [0.2, 0.0, 0.0, 0.0, 0.0, 0.0, 0.0, 0.0, 0.8, 0.0], [0.0, 0.0, 0.0, 1.0, 0.0, 0.0, 0.0, 0.0, 0.0, 0.0]]","[""BENIGN"", ""FTP-PATATOR"", ""DOS GOLDENEYE"", ""SSH-PATATOR"", ""DDOS"", ""PORTSCAN"", ""DOS HULK"", ""WEB ATTACK \ufffd XSS"", ""WEB ATTACK \ufffd BRUTE FORCE"", ""WEB ATTACK \ufffd SQL INJECTION""]",0.045112781954887216,0.9949146624368528,0.9107435345649719,0.9487179487179487,0.045112781954887216,0.9107435345649719,,14.333287042397039,14.79098252529872,1.6514340431011272,165.14340668745714,251.60024999058805,1,0.01,64,,,,,,,,,,,,False,False,,
1,12,1656,10,0.12233756917218368,0.9487951807228916,0.14164366697271666,0.9608433734939759,0.7403937089976457,0.7486853612009322,0.7486853612009322,0.045112781954887216,"{""0"": 0.9657794676806084, ""1"": 0.9714285714285714, ""2"": 1.0, ""3"": 0.9629629629629629, ""4"": 0.96875, ""5"": 0.970873786407767, ""6"": 0.9803921568627451, ""7"": 0.0, ""8"": 0.6666666666666666, ""9"": 0.0}","{""0"": 0.9769230769230769, ""1"": 0.9444444444444444, ""2"": 1.0, ""3"": 0.9285714285714286, ""4"": 1.0, ""5"": 0.9433962264150944, ""6"": 0.9615384615384616, ""7"": 0.0, ""8"": 0.5714285714285714, ""9"": 0.0}","{""0"": 0.9548872180451128, ""1"": 1.0, ""2"": 1.0, ""3"": 1.0, ""4"": 0.9393939393939394, ""5"": 1.0, ""6"": 1.0, ""7"": 0.0, ""8"": 0.8, ""9"": 0.0}","[[127.0, 1.0, 0.0, 0.0, 0.0, 3.0, 2.0, 0.0, 0.0, 0.0], [0.0, 17.0, 0.0, 0.0, 0.0, 0.0, 0.0, 0.0, 0.0, 0.0], [0.0, 0.0, 27.0, 0.0, 0.0, 0.0, 0.0, 0.0, 0.0, 0.0], [0.0, 0.0, 0.0, 13.0, 0.0, 0.0, 0.0, 0.0, 0.0, 0.0], [2.0, 0.0, 0.0, 0.0, 31.0, 0.0, 0.0, 0.0, 0.0, 0.0], [0.0, 0.0, 0.0, 0.0, 0.0, 50.0, 0.0, 0.0, 0.0, 0.0], [0.0, 0.0, 0.0, 0.0, 0.0, 0.0, 50.0, 0.0, 0.0, 0.0], [0.0, 0.0, 0.0, 0.0, 0.0, 0.0, 0.0, 0.0, 3.0, 0.0], [1.0, 0.0, 0.0, 0.0, 0.0, 0.0, 0.0, 0.0, 4.0, 0.0], [0.0, 0.0, 0.0, 1.0, 0.0, 0.0, 0.0, 0.0, 0.0, 0.0]]","[[0.9548872180451128, 0.007518796992481203, 0.0, 0.0, 0.0, 0.022556390977443608, 0.015037593984962405, 0.0, 0.0, 0.0], [0.0, 1.0, 0.0, 0.0, 0.0, 0.0, 0.0, 0.0, 0.0, 0.0], [0.0, 0.0, 1.0, 0.0, 0.0, 0.0, 0.0, 0.0, 0.0, 0.0], [0.0, 0.0, 0.0, 1.0, 0.0, 0.0, 0.0, 0.0, 0.0, 0.0], [0.06060606060606061, 0.0, 0.0, 0.0, 0.9393939393939394, 0.0, 0.0, 0.0, 0.0, 0.0], [0.0, 0.0, 0.0, 0.0, 0.0, 1.0, 0.0, 0.0, 0.0, 0.0], [0.0, 0.0, 0.0, 0.0, 0.0, 0.0, 1.0, 0.0, 0.0, 0.0], [0.0, 0.0, 0.0, 0.0, 0.0, 0.0, 0.0, 0.0, 1.0, 0.0], [0.2, 0.0, 0.0, 0.0, 0.0, 0.0, 0.0, 0.0, 0.8, 0.0], [0.0, 0.0, 0.0, 1.0, 0.0, 0.0, 0.0, 0.0, 0.0, 0.0]]","[""BENIGN"", ""FTP-PATATOR"", ""DOS GOLDENEYE"", ""SSH-PATATOR"", ""DDOS"", ""PORTSCAN"", ""DOS HULK"", ""WEB ATTACK \ufffd XSS"", ""WEB ATTACK \ufffd BRUTE FORCE"", ""WEB ATTACK \ufffd SQL INJECTION""]",0.12030075187969924,0.9954910629011873,0.10617619752883911,0.961352657004831,0.12030075187969924,0.10617619752883911,,14.694076617937844,15.078855909905151,1.9120636180550155,191.2063671528297,164.88362500967924,1,0.01,64,,,,,,,,,,,,False,False,,
1,13,1656,10,0.11789873304466407,0.9668674698795181,0.12143259557584922,0.963855421686747,0.7600877092881662,0.7494570786575355,0.7494570786575355,0.052631578947368474,"{""0"": 0.9692307692307692, ""1"": 0.9444444444444444, ""2"": 1.0, ""3"": 0.9629629629629629, ""4"": 1.0, ""5"": 0.970873786407767, ""6"": 0.9803921568627451, ""7"": 0.0, ""8"": 0.6666666666666666, ""9"": 0.0}","{""0"": 0.9921259842519685, ""1"": 0.8947368421052632, ""2"": 1.0, ""3"": 0.9285714285714286, ""4"": 1.0, ""5"": 0.9433962264150944, ""6"": 0.9615384615384616, ""7"": 0.0, ""8"": 0.5714285714285714, ""9"": 0.0}","{""0"": 0.9473684210526315, ""1"": 1.0, ""2"": 1.0, ""3"": 1.0, ""4"": 1.0, ""5"": 1.0, ""6"": 1.0, ""7"": 0.0, ""8"": 0.8, ""9"": 0.0}","[[126.0, 2.0, 0.0, 0.0, 0.0, 3.0, 2.0, 0.0, 0.0, 0.0], [0.0, 17.0, 0.0, 0.0, 0.0, 0.0, 0.0, 0.0, 0.0, 0.0], [0.0, 0.0, 27.0, 0.0, 0.0, 0.0, 0.0, 0.0, 0.0, 0.0], [0.0, 0.0, 0.0, 13.0, 0.0, 0.0, 0.0, 0.0, 0.0, 0.0], [0.0, 0.0, 0.0, 0.0, 33.0, 0.0, 0.0, 0.0, 0.0, 0.0], [0.0, 0.0, 0.0, 0.0, 0.0, 50.0, 0.0, 0.0, 0.0, 0.0], [0.0, 0.0, 0.0, 0.0, 0.0, 0.0, 50.0, 0.0, 0.0, 0.0], [0.0, 0.0, 0.0, 0.0, 0.0, 0.0, 0.0, 0.0, 3.0, 0.0], [1.0, 0.0, 0.0, 0.0, 0.0, 0.0, 0.0, 0.0, 4.0, 0.0], [0.0, 0.0, 0.0, 1.0, 0.0, 0.0, 0.0, 0.0, 0.0, 0.0]]","[[0.9473684210526315, 0.015037593984962405, 0.0, 0.0, 0.0, 0.022556390977443608, 0.015037593984962405, 0.0, 0.0, 0.0], [0.0, 1.0, 0.0, 0.0, 0.0, 0.0, 0.0, 0.0, 0.0, 0.0], [0.0, 0.0, 1.0, 0.0, 0.0, 0.0, 0.0, 0.0, 0.0, 0.0], [0.0, 0.0, 0.0, 1.0, 0.0, 0.0, 0.0, 0.0, 0.0, 0.0], [0.0, 0.0, 0.0, 0.0, 1.0, 0.0, 0.0, 0.0, 0.0, 0.0], [0.0, 0.0, 0.0, 0.0, 0.0, 1.0, 0.0, 0.0, 0.0, 0.0], [0.0, 0.0, 0.0, 0.0, 0.0, 0.0, 1.0, 0.0, 0.0, 0.0], [0.0, 0.0, 0.0, 0.0, 0.0, 0.0, 0.0, 0.0, 1.0, 0.0], [0.2, 0.0, 0.0, 0.0, 0.0, 0.0, 0.0, 0.0, 0.8, 0.0], [0.0, 0.0, 0.0, 1.0, 0.0, 0.0, 0.0, 0.0, 0.0, 0.0]]","[""BENIGN"", ""FTP-PATATOR"", ""DOS GOLDENEYE"", ""SSH-PATATOR"", ""DDOS"", ""PORTSCAN"", ""DOS HULK"", ""WEB ATTACK \ufffd XSS"", ""WEB ATTACK \ufffd BRUTE FORCE"", ""WEB ATTACK \ufffd SQL INJECTION""]",0.09022556390977443,0.9975462506504782,0.19935894012451172,0.9707317073170731,0.09022556390977443,0.19935894012451172,,15.041664815895551,15.42560095934055,1.6119553094582257,161.19552986345937,120.47058400639798,1,0.01,64,,,,,,,,,,,,False,False,,
1,14,1656,10,0.1266730676094691,0.9608433734939759,0.1157882921397686,0.9608433734939759,0.7475665609461223,0.7562041430726552,0.7562041430726552,0.045112781954887216,"{""0"": 0.9657794676806084, ""1"": 0.9444444444444444, ""2"": 1.0, ""3"": 0.9629629629629629, ""4"": 0.96875, ""5"": 0.970873786407767, ""6"": 0.98, ""7"": 0.0, ""8"": 0.7692307692307693, ""9"": 0.0}","{""0"": 0.9769230769230769, ""1"": 0.8947368421052632, ""2"": 1.0, ""3"": 0.9285714285714286, ""4"": 1.0, ""5"": 0.9433962264150944, ""6"": 0.98, ""7"": 0.0, ""8"": 0.625, ""9"": 0.0}","{""0"": 0.9548872180451128, ""1"": 1.0, ""2"": 1.0, ""3"": 1.0, ""4"": 0.9393939393939394, ""5"": 1.0, ""6"": 0.98, ""7"": 0.0, ""8"": 1.0, ""9"": 0.0}","[[127.0, 2.0, 0.0, 0.0, 0.0, 3.0, 1.0, 0.0, 0.0, 0.0], [0.0, 17.0, 0.0, 0.0, 0.0, 0.0, 0.0, 0.0, 0.0, 0.0], [0.0, 0.0, 27.0, 0.0, 0.0, 0.0, 0.0, 0.0, 0.0, 0.0], [0.0, 0.0, 0.0, 13.0, 0.0, 0.0, 0.0, 0.0, 0.0, 0.0], [2.0, 0.0, 0.0, 0.0, 31.0, 0.0, 0.0, 0.0, 0.0, 0.0], [0.0, 0.0, 0.0, 0.0, 0.0, 50.0, 0.0, 0.0, 0.0, 0.0], [1.0, 0.0, 0.0, 0.0, 0.0, 0.0, 49.0, 0.0, 0.0, 0.0], [0.0, 0.0, 0.0, 0.0, 0.0, 0.0, 0.0, 0.0, 3.0, 0.0], [0.0, 0.0, 0.0, 0.0, 0.0, 0.0, 0.0, 0.0, 5.0, 0.0], [0.0, 0.0, 0.0, 1.0, 0.0, 0.0, 0.0, 0.0, 0.0, 0.0]]","[[0.9548872180451128, 0.015037593984962405, 0.0, 0.0, 0.0, 0.022556390977443608, 0.007518796992481203, 0.0, 0.0, 0.0], [0.0, 1.0, 0.0, 0.0, 0.0, 0.0, 0.0, 0.0, 0.0, 0.0], [0.0, 0.0, 1.0, 0.0, 0.0, 0.0, 0.0, 0.0, 0.0, 0.0], [0.0, 0.0, 0.0, 1.0, 0.0, 0.0, 0.0, 0.0, 0.0, 0.0], [0.06060606060606061, 0.0, 0.0, 0.0, 0.9393939393939394, 0.0, 0.0, 0.0, 0.0, 0.0], [0.0, 0.0, 0.0, 0.0, 0.0, 1.0, 0.0, 0.0, 0.0, 0.0], [0.02, 0.0, 0.0, 0.0, 0.0, 0.0, 0.98, 0.0, 0.0, 0.0], [0.0, 0.0, 0.0, 0.0, 0.0, 0.0, 0.0, 0.0, 1.0, 0.0], [0.0, 0.0, 0.0, 0.0, 0.0, 0.0, 0.0, 0.0, 1.0, 0.0], [0.0, 0.0, 0.0, 1.0, 0.0, 0.0, 0.0, 0.0, 0.0, 0.0]]","[""BENIGN"", ""FTP-PATATOR"", ""DOS GOLDENEYE"", ""SSH-PATATOR"", ""DDOS"", ""PORTSCAN"", ""DOS HULK"", ""WEB ATTACK \ufffd XSS"", ""WEB ATTACK \ufffd BRUTE FORCE"", ""WEB ATTACK \ufffd SQL INJECTION""]",0.10526315789473684,0.997381502466577,0.035195767879486084,0.9660194174757282,0.10526315789473684,0.035195767879486084,,15.41049263590643,15.829365857695128,1.692828183913518,169.28282428732646,247.0410840032855,1,0.01,64,,,,,,,,,,,,False,False,,
1,15,1656,10,0.12334439717233181,0.963855421686747,0.1603810116648674,0.9457831325301205,0.7571370842445179,0.7463489705494275,0.7463489705494275,0.10526315789473684,"{""0"": 0.9444444444444444, ""1"": 0.918918918918919, ""2"": 1.0, ""3"": 0.9629629629629629, ""4"": 0.9166666666666666, ""5"": 0.970873786407767, ""6"": 0.9803921568627451, ""7"": 0.0, ""8"": 0.7692307692307693, ""9"": 0.0}","{""0"": 1.0, ""1"": 0.85, ""2"": 1.0, ""3"": 0.9285714285714286, ""4"": 0.8461538461538461, ""5"": 0.9433962264150944, ""6"": 0.9615384615384616, ""7"": 0.0, ""8"": 0.625, ""9"": 0.0}","{""0"": 0.8947368421052632, ""1"": 1.0, ""2"": 1.0, ""3"": 1.0, ""4"": 1.0, ""5"": 1.0, ""6"": 1.0, ""7"": 0.0, ""8"": 1.0, ""9"": 0.0}","[[119.0, 3.0, 0.0, 0.0, 6.0, 3.0, 2.0, 0.0, 0.0, 0.0], [0.0, 17.0, 0.0, 0.0, 0.0, 0.0, 0.0, 0.0, 0.0, 0.0], [0.0, 0.0, 27.0, 0.0, 0.0, 0.0, 0.0, 0.0, 0.0, 0.0], [0.0, 0.0, 0.0, 13.0, 0.0, 0.0, 0.0, 0.0, 0.0, 0.0], [0.0, 0.0, 0.0, 0.0, 33.0, 0.0, 0.0, 0.0, 0.0, 0.0], [0.0, 0.0, 0.0, 0.0, 0.0, 50.0, 0.0, 0.0, 0.0, 0.0], [0.0, 0.0, 0.0, 0.0, 0.0, 0.0, 50.0, 0.0, 0.0, 0.0], [0.0, 0.0, 0.0, 0.0, 0.0, 0.0, 0.0, 0.0, 3.0, 0.0], [0.0, 0.0, 0.0, 0.0, 0.0, 0.0, 0.0, 0.0, 5.0, 0.0], [0.0, 0.0, 0.0, 1.0, 0.0, 0.0, 0.0, 0.0, 0.0, 0.0]]","[[0.8947368421052632, 0.022556390977443608, 0.0, 0.0, 0.045112781954887216, 0.022556390977443608, 0.015037593984962405, 0.0, 0.0, 0.0], [0.0, 1.0, 0.0, 0.0, 0.0, 0.0, 0.0, 0.0, 0.0, 0.0], [0.0, 0.0, 1.0, 0.0, 0.0, 0.0, 0.0, 0.0, 0.0, 0.0], [0.0, 0.0, 0.0, 1.0, 0.0, 0.0, 0.0, 0.0, 0.0, 0.0], [0.0, 0.0, 0.0, 0.0, 1.0, 0.0, 0.0, 0.0, 0.0, 0.0], [0.0, 0.0, 0.0, 0.0, 0.0, 1.0, 0.0, 0.0, 0.0, 0.0], [0.0, 0.0, 0.0, 0.0, 0.0, 0.0, 1.0, 0.0, 0.0, 0.0], [0.0, 0.0, 0.0, 0.0, 0.0, 0.0, 0.0, 0.0, 1.0, 0.0], [0.0, 0.0, 0.0, 0.0, 0.0, 0.0, 0.0, 0.0, 1.0, 0.0], [0.0, 0.0, 0.0, 1.0, 0.0, 0.0, 0.0, 0.0, 0.0, 0.0]]","[""BENIGN"", ""FTP-PATATOR"", ""DOS GOLDENEYE"", ""SSH-PATATOR"", ""DDOS"", ""PORTSCAN"", ""DOS HULK"", ""WEB ATTACK \ufffd XSS"", ""WEB ATTACK \ufffd BRUTE FORCE"", ""WEB ATTACK \ufffd SQL INJECTION""]",0.12030075187969924,0.9958922223108129,0.32973021268844604,0.961352657004831,0.12030075187969924,0.32973021268844604,,15.742608441955735,16.221315881958816,1.7329333889065721,173.29334102236615,249.44858299568295,1,0.01,64,,,,,,,,,,,,False,False,,
1,16,1656,10,0.13870705664157867,0.9487951807228916,0.12552997035284838,0.9608433734939759,0.748057265996241,0.7465065457070026,0.7465065457070026,0.06015037593984962,"{""0"": 0.9652509652509652, ""1"": 0.918918918918919, ""2"": 1.0, ""3"": 0.9629629629629629, ""4"": 1.0, ""5"": 0.970873786407767, ""6"": 0.9803921568627451, ""7"": 0.0, ""8"": 0.6666666666666666, ""9"": 0.0}","{""0"": 0.9920634920634921, ""1"": 0.85, ""2"": 1.0, ""3"": 0.9285714285714286, ""4"": 1.0, ""5"": 0.9433962264150944, ""6"": 0.9615384615384616, ""7"": 0.0, ""8"": 0.5714285714285714, ""9"": 0.0}","{""0"": 0.9398496240601504, ""1"": 1.0, ""2"": 1.0, ""3"": 1.0, ""4"": 1.0, ""5"": 1.0, ""6"": 1.0, ""7"": 0.0, ""8"": 0.8, ""9"": 0.0}","[[125.0, 3.0, 0.0, 0.0, 0.0, 3.0, 2.0, 0.0, 0.0, 0.0], [0.0, 17.0, 0.0, 0.0, 0.0, 0.0, 0.0, 0.0, 0.0, 0.0], [0.0, 0.0, 27.0, 0.0, 0.0, 0.0, 0.0, 0.0, 0.0, 0.0], [0.0, 0.0, 0.0, 13.0, 0.0, 0.0, 0.0, 0.0, 0.0, 0.0], [0.0, 0.0, 0.0, 0.0, 33.0, 0.0, 0.0, 0.0, 0.0, 0.0], [0.0, 0.0, 0.0, 0.0, 0.0, 50.0, 0.0, 0.0, 0.0, 0.0], [0.0, 0.0, 0.0, 0.0, 0.0, 0.0, 50.0, 0.0, 0.0, 0.0], [0.0, 0.0, 0.0, 0.0, 0.0, 0.0, 0.0, 0.0, 3.0, 0.0], [1.0, 0.0, 0.0, 0.0, 0.0, 0.0, 0.0, 0.0, 4.0, 0.0], [0.0, 0.0, 0.0, 1.0, 0.0, 0.0, 0.0, 0.0, 0.0, 0.0]]","[[0.9398496240601504, 0.022556390977443608, 0.0, 0.0, 0.0, 0.022556390977443608, 0.015037593984962405, 0.0, 0.0, 0.0], [0.0, 1.0, 0.0, 0.0, 0.0, 0.0, 0.0, 0.0, 0.0, 0.0], [0.0, 0.0, 1.0, 0.0, 0.0, 0.0, 0.0, 0.0, 0.0, 0.0], [0.0, 0.0, 0.0, 1.0, 0.0, 0.0, 0.0, 0.0, 0.0, 0.0], [0.0, 0.0, 0.0, 0.0, 1.0, 0.0, 0.0, 0.0, 0.0, 0.0], [0.0, 0.0, 0.0, 0.0, 0.0, 1.0, 0.0, 0.0, 0.0, 0.0], [0.0, 0.0, 0.0, 0.0, 0.0, 0.0, 1.0, 0.0, 0.0, 0.0], [0.0, 0.0, 0.0, 0.0, 0.0, 0.0, 0.0, 0.0, 1.0, 0.0], [0.2, 0.0, 0.0, 0.0, 0.0, 0.0, 0.0, 0.0, 0.8, 0.0], [0.0, 0.0, 0.0, 1.0, 0.0, 0.0, 0.0, 0.0, 0.0, 0.0]]","[""BENIGN"", ""FTP-PATATOR"", ""DOS GOLDENEYE"", ""SSH-PATATOR"", ""DDOS"", ""PORTSCAN"", ""DOS HULK"", ""WEB ATTACK \ufffd XSS"", ""WEB ATTACK \ufffd BRUTE FORCE"", ""WEB ATTACK \ufffd SQL INJECTION""]",0.09022556390977443,0.9965012803220551,0.26071465015411377,0.9707317073170731,0.09022556390977443,0.26071465015411377,,16.097900422097396,16.468645438417894,1.6275545557885291,162.75546258410932,191.69170799432322,1,0.01,64,,,,,,,,,,,,False,False,,
1,17,1656,10,0.123707074051102,0.963855421686747,0.13672705615560213,0.9608433734939759,0.7581970994836376,0.7469667800735762,0.7469667800735762,0.052631578947368474,"{""0"": 0.9692307692307692, ""1"": 0.9444444444444444, ""2"": 1.0, ""3"": 0.9629629629629629, ""4"": 0.9846153846153847, ""5"": 0.970873786407767, ""6"": 0.970873786407767, ""7"": 0.0, ""8"": 0.6666666666666666, ""9"": 0.0}","{""0"": 0.9921259842519685, ""1"": 0.8947368421052632, ""2"": 1.0, ""3"": 0.9285714285714286, ""4"": 1.0, ""5"": 0.9433962264150944, ""6"": 0.9433962264150944, ""7"": 0.0, ""8"": 0.5714285714285714, ""9"": 0.0}","{""0"": 0.9473684210526315, ""1"": 1.0, ""2"": 1.0, ""3"": 1.0, ""4"": 0.9696969696969697, ""5"": 1.0, ""6"": 1.0, ""7"": 0.0, ""8"": 0.8, ""9"": 0.0}","[[126.0, 2.0, 0.0, 0.0, 0.0, 3.0, 2.0, 0.0, 0.0, 0.0], [0.0, 17.0, 0.0, 0.0, 0.0, 0.0, 0.0, 0.0, 0.0, 0.0], [0.0, 0.0, 27.0, 0.0, 0.0, 0.0, 0.0, 0.0, 0.0, 0.0], [0.0, 0.0, 0.0, 13.0, 0.0, 0.0, 0.0, 0.0, 0.0, 0.0], [0.0, 0.0, 0.0, 0.0, 32.0, 0.0, 1.0, 0.0, 0.0, 0.0], [0.0, 0.0, 0.0, 0.0, 0.0, 50.0, 0.0, 0.0, 0.0, 0.0], [0.0, 0.0, 0.0, 0.0, 0.0, 0.0, 50.0, 0.0, 0.0, 0.0], [0.0, 0.0, 0.0, 0.0, 0.0, 0.0, 0.0, 0.0, 3.0, 0.0], [1.0, 0.0, 0.0, 0.0, 0.0, 0.0, 0.0, 0.0, 4.0, 0.0], [0.0, 0.0, 0.0, 1.0, 0.0, 0.0, 0.0, 0.0, 0.0, 0.0]]","[[0.9473684210526315, 0.015037593984962405, 0.0, 0.0, 0.0, 0.022556390977443608, 0.015037593984962405, 0.0, 0.0, 0.0], [0.0, 1.0, 0.0, 0.0, 0.0, 0.0, 0.0, 0.0, 0.0, 0.0], [0.0, 0.0, 1.0, 0.0, 0.0, 0.0, 0.0, 0.0, 0.0, 0.0], [0.0, 0.0, 0.0, 1.0, 0.0, 0.0, 0.0, 0.0, 0.0, 0.0], [0.0, 0.0, 0.0, 0.0, 0.9696969696969697, 0.0, 0.030303030303030304, 0.0, 0.0, 0.0], [0.0, 0.0, 0.0, 0.0, 0.0, 1.0, 0.0, 0.0, 0.0, 0.0], [0.0, 0.0, 0.0, 0.0, 0.0, 0.0, 1.0, 0.0, 0.0, 0.0], [0.0, 0.0, 0.0, 0.0, 0.0, 0.0, 0.0, 0.0, 1.0, 0.0], [0.2, 0.0, 0.0, 0.0, 0.0, 0.0, 0.0, 0.0, 0.8, 0.0], [0.0, 0.0, 0.0, 1.0, 0.0, 0.0, 0.0, 0.0, 0.0, 0.0]]","[""BENIGN"", ""FTP-PATATOR"", ""DOS GOLDENEYE"", ""SSH-PATATOR"", ""DDOS"", ""PORTSCAN"", ""DOS HULK"", ""WEB ATTACK \ufffd XSS"", ""WEB ATTACK \ufffd BRUTE FORCE"", ""WEB ATTACK \ufffd SQL INJECTION""]",0.05263157894736842,0.9974281418493509,0.824402928352356,0.972568578553616,0.05263157894736842,0.824402928352356,,16.434094495967216,16.80898930897345,1.5752328645306075,157.52328902736426,237.25816699152347,1,0.01,64,,,,,,,,,,,,False,False,,
1,18,1656,10,0.1179106030613184,0.9668674698795181,0.11409641181429227,0.9668674698795181,0.7600877092881662,0.7646230680026294,0.7646230680026294,0.052631578947368474,"{""0"": 0.9692307692307692, ""1"": 0.9714285714285714, ""2"": 1.0, ""3"": 1.0, ""4"": 0.9850746268656716, ""5"": 0.970873786407767, ""6"": 0.9803921568627451, ""7"": 0.0, ""8"": 0.7692307692307693, ""9"": 0.0}","{""0"": 0.9921259842519685, ""1"": 0.9444444444444444, ""2"": 1.0, ""3"": 1.0, ""4"": 0.9705882352941176, ""5"": 0.9433962264150944, ""6"": 0.9615384615384616, ""7"": 0.0, ""8"": 0.625, ""9"": 0.0}","{""0"": 0.9473684210526315, ""1"": 1.0, ""2"": 1.0, ""3"": 1.0, ""4"": 1.0, ""5"": 1.0, ""6"": 1.0, ""7"": 0.0, ""8"": 1.0, ""9"": 0.0}","[[126.0, 1.0, 0.0, 0.0, 1.0, 3.0, 2.0, 0.0, 0.0, 0.0], [0.0, 17.0, 0.0, 0.0, 0.0, 0.0, 0.0, 0.0, 0.0, 0.0], [0.0, 0.0, 27.0, 0.0, 0.0, 0.0, 0.0, 0.0, 0.0, 0.0], [0.0, 0.0, 0.0, 13.0, 0.0, 0.0, 0.0, 0.0, 0.0, 0.0], [0.0, 0.0, 0.0, 0.0, 33.0, 0.0, 0.0, 0.0, 0.0, 0.0], [0.0, 0.0, 0.0, 0.0, 0.0, 50.0, 0.0, 0.0, 0.0, 0.0], [0.0, 0.0, 0.0, 0.0, 0.0, 0.0, 50.0, 0.0, 0.0, 0.0], [0.0, 0.0, 0.0, 0.0, 0.0, 0.0, 0.0, 0.0, 3.0, 0.0], [0.0, 0.0, 0.0, 0.0, 0.0, 0.0, 0.0, 0.0, 5.0, 0.0], [1.0, 0.0, 0.0, 0.0, 0.0, 0.0, 0.0, 0.0, 0.0, 0.0]]","[[0.9473684210526315, 0.007518796992481203, 0.0, 0.0, 0.007518796992481203, 0.022556390977443608, 0.015037593984962405, 0.0, 0.0, 0.0], [0.0, 1.0, 0.0, 0.0, 0.0, 0.0, 0.0, 0.0, 0.0, 0.0], [0.0, 0.0, 1.0, 0.0, 0.0, 0.0, 0.0, 0.0, 0.0, 0.0], [0.0, 0.0, 0.0, 1.0, 0.0, 0.0, 0.0, 0.0, 0.0, 0.0], [0.0, 0.0, 0.0, 0.0, 1.0, 0.0, 0.0, 0.0, 0.0, 0.0], [0.0, 0.0, 0.0, 0.0, 0.0, 1.0, 0.0, 0.0, 0.0, 0.0], [0.0, 0.0, 0.0, 0.0, 0.0, 0.0, 1.0, 0.0, 0.0, 0.0], [0.0, 0.0, 0.0, 0.0, 0.0, 0.0, 0.0, 0.0, 1.0, 0.0], [0.0, 0.0, 0.0, 0.0, 0.0, 0.0, 0.0, 0.0, 1.0, 0.0], [1.0, 0.0, 0.0, 0.0, 0.0, 0.0, 0.0, 0.0, 0.0, 0.0]]","[""BENIGN"", ""FTP-PATATOR"", ""DOS GOLDENEYE"", ""SSH-PATATOR"", ""DDOS"", ""PORTSCAN"", ""DOS HULK"", ""WEB ATTACK \ufffd XSS"", ""WEB ATTACK \ufffd BRUTE FORCE"", ""WEB ATTACK \ufffd SQL INJECTION""]",0.045112781954887216,0.9981932613369463,0.7310594320297241,0.9800995024875622,0.045112781954887216,0.7310594320297241,,16.767122580417066,17.078153016014188,1.5250280830286036,152.50281051172138,169.0901669935556,1,0.01,64,,,,,,,,,,,,False,False,,
1,19,1656,10,0.1147352997213602,0.963855421686747,0.11343885337313016,0.963855421686747,0.7764979656984226,0.7500601235117472,0.7500601235117472,0.045112781954887216,"{""0"": 0.9731800766283525, ""1"": 0.9714285714285714, ""2"": 1.0, ""3"": 0.9629629629629629, ""4"": 0.9846153846153847, ""5"": 0.970873786407767, ""6"": 0.970873786407767, ""7"": 0.0, ""8"": 0.6666666666666666, ""9"": 0.0}","{""0"": 0.9921875, ""1"": 0.9444444444444444, ""2"": 1.0, ""3"": 0.9285714285714286, ""4"": 1.0, ""5"": 0.9433962264150944, ""6"": 0.9433962264150944, ""7"": 0.0, ""8"": 0.5714285714285714, ""9"": 0.0}","{""0"": 0.9548872180451128, ""1"": 1.0, ""2"": 1.0, ""3"": 1.0, ""4"": 0.9696969696969697, ""5"": 1.0, ""6"": 1.0, ""7"": 0.0, ""8"": 0.8, ""9"": 0.0}","[[127.0, 1.0, 0.0, 0.0, 0.0, 3.0, 2.0, 0.0, 0.0, 0.0], [0.0, 17.0, 0.0, 0.0, 0.0, 0.0, 0.0, 0.0, 0.0, 0.0], [0.0, 0.0, 27.0, 0.0, 0.0, 0.0, 0.0, 0.0, 0.0, 0.0], [0.0, 0.0, 0.0, 13.0, 0.0, 0.0, 0.0, 0.0, 0.0, 0.0], [0.0, 0.0, 0.0, 0.0, 32.0, 0.0, 1.0, 0.0, 0.0, 0.0], [0.0, 0.0, 0.0, 0.0, 0.0, 50.0, 0.0, 0.0, 0.0, 0.0], [0.0, 0.0, 0.0, 0.0, 0.0, 0.0, 50.0, 0.0, 0.0, 0.0], [0.0, 0.0, 0.0, 0.0, 0.0, 0.0, 0.0, 0.0, 3.0, 0.0], [1.0, 0.0, 0.0, 0.0, 0.0, 0.0, 0.0, 0.0, 4.0, 0.0], [0.0, 0.0, 0.0, 1.0, 0.0, 0.0, 0.0, 0.0, 0.0, 0.0]]","[[0.9548872180451128, 0.007518796992481203, 0.0, 0.0, 0.0, 0.022556390977443608, 0.015037593984962405, 0.0, 0.0, 0.0], [0.0, 1.0, 0.0, 0.0, 0.0, 0.0, 0.0, 0.0, 0.0, 0.0], [0.0, 0.0, 1.0, 0.0, 0.0, 0.0, 0.0, 0.0, 0.0, 0.0], [0.0, 0.0, 0.0, 1.0, 0.0, 0.0, 0.0, 0.0, 0.0, 0.0], [0.0, 0.0, 0.0, 0.0, 0.9696969696969697, 0.0, 0.030303030303030304, 0.0, 0.0, 0.0], [0.0, 0.0, 0.0, 0.0, 0.0, 1.0, 0.0, 0.0, 0.0, 0.0], [0.0, 0.0, 0.0, 0.0, 0.0, 0.0, 1.0, 0.0, 0.0, 0.0], [0.0, 0.0, 0.0, 0.0, 0.0, 0.0, 0.0, 0.0, 1.0, 0.0], [0.2, 0.0, 0.0, 0.0, 0.0, 0.0, 0.0, 0.0, 0.8, 0.0], [0.0, 0.0, 0.0, 1.0, 0.0, 0.0, 0.0, 0.0, 0.0, 0.0]]","[""BENIGN"", ""FTP-PATATOR"", ""DOS GOLDENEYE"", ""SSH-PATATOR"", ""DDOS"", ""PORTSCAN"", ""DOS HULK"", ""WEB ATTACK \ufffd XSS"", ""WEB ATTACK \ufffd BRUTE FORCE"", ""WEB ATTACK \ufffd SQL INJECTION""]",0.12781954887218044,0.9979277447190646,0.024161875247955322,0.9590361445783132,0.12781954887218044,0.024161875247955322,,17.056300137265477,17.467099613371598,1.9237233163632976,192.37233216218635,187.62787499872502,1,0.01,64,,,,,,,,,,,,False,False,,
1,20,1656,10,0.11149595119059086,0.9668674698795181,0.14630225176612535,0.9487951807228916,0.7600877092881662,0.7478847516135103,0.7478847516135103,0.052631578947368474,"{""0"": 0.9509433962264151, ""1"": 0.9444444444444444, ""2"": 1.0, ""3"": 0.9629629629629629, ""4"": 0.9, ""5"": 0.970873786407767, ""6"": 0.9803921568627451, ""7"": 0.0, ""8"": 0.7692307692307693, ""9"": 0.0}","{""0"": 0.9545454545454546, ""1"": 0.8947368421052632, ""2"": 1.0, ""3"": 0.9285714285714286, ""4"": 1.0, ""5"": 0.9433962264150944, ""6"": 0.9615384615384616, ""7"": 0.0, ""8"": 0.625, ""9"": 0.0}","{""0"": 0.9473684210526315, ""1"": 1.0, ""2"": 1.0, ""3"": 1.0, ""4"": 0.8181818181818182, ""5"": 1.0, ""6"": 1.0, ""7"": 0.0, ""8"": 1.0, ""9"": 0.0}","[[126.0, 2.0, 0.0, 0.0, 0.0, 3.0, 2.0, 0.0, 0.0, 0.0], [0.0, 17.0, 0.0, 0.0, 0.0, 0.0, 0.0, 0.0, 0.0, 0.0], [0.0, 0.0, 27.0, 0.0, 0.0, 0.0, 0.0, 0.0, 0.0, 0.0], [0.0, 0.0, 0.0, 13.0, 0.0, 0.0, 0.0, 0.0, 0.0, 0.0], [6.0, 0.0, 0.0, 0.0, 27.0, 0.0, 0.0, 0.0, 0.0, 0.0], [0.0, 0.0, 0.0, 0.0, 0.0, 50.0, 0.0, 0.0, 0.0, 0.0], [0.0, 0.0, 0.0, 0.0, 0.0, 0.0, 50.0, 0.0, 0.0, 0.0], [0.0, 0.0, 0.0, 0.0, 0.0, 0.0, 0.0, 0.0, 3.0, 0.0], [0.0, 0.0, 0.0, 0.0, 0.0, 0.0, 0.0, 0.0, 5.0, 0.0], [0.0, 0.0, 0.0, 1.0, 0.0, 0.0, 0.0, 0.0, 0.0, 0.0]]","[[0.9473684210526315, 0.015037593984962405, 0.0, 0.0, 0.0, 0.022556390977443608, 0.015037593984962405, 0.0, 0.0, 0.0], [0.0, 1.0, 0.0, 0.0, 0.0, 0.0, 0.0, 0.0, 0.0, 0.0], [0.0, 0.0, 1.0, 0.0, 0.0, 0.0, 0.0, 0.0, 0.0, 0.0], [0.0, 0.0, 0.0, 1.0, 0.0, 0.0, 0.0, 0.0, 0.0, 0.0], [0.18181818181818182, 0.0, 0.0, 0.0, 0.8181818181818182, 0.0, 0.0, 0.0, 0.0, 0.0], [0.0, 0.0, 0.0, 0.0, 0.0, 1.0, 0.0, 0.0, 0.0, 0.0], [0.0, 0.0, 0.0, 0.0, 0.0, 0.0, 1.0, 0.0, 0.0, 0.0], [0.0, 0.0, 0.0, 0.0, 0.0, 0.0, 0.0, 0.0, 1.0, 0.0], [0.0, 0.0, 0.0, 0.0, 0.0, 0.0, 0.0, 0.0, 1.0, 0.0], [0.0, 0.0, 0.0, 1.0, 0.0, 0.0, 0.0, 0.0, 0.0, 0.0]]","[""BENIGN"", ""FTP-PATATOR"", ""DOS GOLDENEYE"", ""SSH-PATATOR"", ""DDOS"", ""PORTSCAN"", ""DOS HULK"", ""WEB ATTACK \ufffd XSS"", ""WEB ATTACK \ufffd BRUTE FORCE"", ""WEB ATTACK \ufffd SQL INJECTION""]",0.13533834586466165,0.994870258340838,0.02789175510406494,0.9567307692307693,0.13533834586466165,0.02789175510406494,,17.34485143136841,17.67859928745081,1.6634453683570667,166.34454179253217,246.58683298912365,1,0.01,64,,,,,,,,,,,,False,False,,
